    0:     1     1    88
    1:    60    88   117
    2:   105   117   173
    3:   106   173   178
    4:   126   178   223
    5:   168   233   333
    6:   211   223   233
    7:   262   378   409
    8:   285   333   352
    9:   296   415   499
   10:   324   503   505
   11:   339   355   378
   12:   345   352   355
   13:   379   499   503
   14:   406   409   415
   15:   444   505   576
   16:   454   576   578
   17:   510   598   609
   18:   562   578   595
   19:   578   689   692
   20:   581   595   598
   21:   597   609   628
   22:   605   628   689
   23:   632   710   757
   24:   677   692   710
   25:   725   757   825
   26:   748   825   849
   27:   792   897   937
   28:   836   849   883
   29:   865   883   897
   30:   901   937   985
   31:   940  1062  1121
   32:   974  1021  1036
   33:   977   985  1021
   34:  1029  1036  1062
   35:  1030  1121  1133
   36:  1069  1144  1208
   37:  1132  1133  1144
   38:  1186  1208  1227
   39:  1223  1227  1247
   40:  1280  1280  1307
   41:  1337  1337  1349
   42:  1366  1366  1408
   43:  1421  1421  1473
   44:  1443  1473  1503
   45:  1481  1504  1517
   46:  1489  1503  1504
   47:  1498  1517  1537
   48:  1529  1537  1550
   49:  1563  1563  1598
SUM: 1598 1491 72.54 42.72 179
