    0:     1     1    88
    1:    60    88   117
    2:   105   117   173
    3:   106   173   178
    4:   126   178   223
    5:   168   223   313
    6:   211   423   453
    7:   262   372   423
    8:   285   333   372
    9:   296   313   333
   10:   324   577   579
   11:   339   508   514
   12:   345   514   537
   13:   379   537   577
   14:   406   453   489
   15:   444   489   508
   16:   454   632   652
   17:   510   669   677
   18:   562   652   669
   19:   578   579   632
   20:   581   696   726
   21:   597   677   696
   22:   605   742   757
   23:   632   757   789
   24:   677   726   742
   25:   725   789   857
   26:   748   857   881
   27:   792   915   941
   28:   836   901   915
   29:   865   881   901
   30:   901   977  1061
   31:   940   941   977
   32:   974  1097  1112
   33:   977  1086  1097
   34:  1029  1061  1086
   35:  1030  1112  1157
   36:  1069  1168  1232
   37:  1132  1157  1168
   38:  1186  1232  1251
   39:  1223  1251  1271
   40:  1280  1280  1307
   41:  1337  1337  1349
   42:  1366  1366  1408
   43:  1421  1421  1473
   44:  1443  1473  1503
   45:  1481  1503  1515
   46:  1489  1535  1568
   47:  1498  1515  1535
   48:  1529  1568  1588
   49:  1563  1588  1623
SUM: 1623 1553 102.12 71.06 253
