    0:     1     1   351
    1:   237   351   467
    2:   419   467   693
    3:   424   693   711
    4:   506   711   891
    5:   675   933  1335
    6:   849   891   933
    7:  1056  1516  1639
    8:  1148  1335  1411
    9:  1193  1664  1997
   10:  1306  2014  2022
   11:  1366  1423  1516
   12:  1392  1411  1423
   13:  1529  1997  2014
   14:  1639  1639  1664
   15:  1792  2022  2305
   16:  1833  2305  2312
   17:  2058  2383  2412
   18:  2268  2312  2383
   19:  2334  2412  2590
SUM: 2590 2589 352.20 222.75 708
