    0:     1     1   176
    1:   108   176   234
    2:   176   234   347
    3:   177   347   356
    4:   202   356   446
    5:   263   467   668
    6:   327   446   467
    7:   411   898   910
    8:   440   802   808
    9:   453   668   707
   10:   489   715   719
   11:   506   808   849
   12:   513   719   802
   13:   559   707   715
   14:   594   864   898
   15:   647   849   860
   16:   659   860   864
   17:   756   910   914
   18:   842   914   929
   19:   861   929  1003
SUM: 1003 1002 234.40 184.30 487
