    0:     1     1   351
    1:    80   416   515
    2:   120   814   819
    3:   136   844   866
    4:   138   375   416
    5:   181  1023  1058
    6:   218  1058  1059
    7:   271   921   937
    8:   286   363   375
    9:   292   515   529
   10:   312   546   554
   11:   321   779   814
   12:   324   351   363
   13:   349   529   546
   14:   368   900   912
   15:   398   819   837
   16:   404   839   844
   17:   470   938   944
   18:   525   912   915
   19:   535   554   766
   20:   537   881   900
   21:   547  1018  1023
   22:   551   766   779
   23:   570  1439  1467
   24:   610   837   839
   25:   655   915   921
   26:   670   968  1018
   27:   709   779   779
   28:   747   866   881
   29:   767   937   938
   30:   795   944   968
   31:   826  1467  1486
   32:   852  1328  1353
   33:   853  1248  1292
   34:   908  1059  1248
   35:   982  1389  1407
   36:   993  1530  1569
   37:  1045  1486  1512
   38:  1064  1360  1385
   39:  1093  1529  1530
   40:  1109  1514  1528
   41:  1120  1313  1324
   42:  1151  1512  1514
   43:  1159  2053  2111
   44:  1173  1309  1313
   45:  1203  1353  1360
   46:  1208  1292  1309
   47:  1213  1407  1439
   48:  1235  1385  1389
   49:  1261  1528  1529
   50:  1292  1324  1328
   51:  1318  2112  2114
   52:  1339  1855  1893
   53:  1403  2111  2112
   54:  1405  1826  1841
   55:  1482  1841  1855
   56:  1499  1968  1979
   57:  1500  1979  2053
   58:  1505  1965  1968
   59:  1509  1690  1826
   60:  1553  1588  1670
   61:  1558  1569  1588
   62:  1567  1936  1939
   63:  1601  1670  1690
   64:  1764  1939  1965
   65:  1804  2408  2452
   66:  1854  1893  1936
   67:  1886  1939  1939
   68:  1931  2388  2405
   69:  1944  2549  2559
   70:  1947  1965  1965
   71:  1961  2405  2408
   72:  1985  2114  2331
   73:  2020  2469  2488
   74:  2057  2532  2549
   75:  2067  2353  2376
   76:  2097  2331  2353
   77:  2115  2579  2594
   78:  2165  2971  3020
   79:  2209  2488  2532
   80:  2228  2376  2388
   81:  2247  2891  2953
   82:  2313  3020  3023
   83:  2344  2452  2469
   84:  2384  3040  3096
   85:  2409  2559  2560
   86:  2420  2608  2612
   87:  2437  2560  2579
   88:  2452  3023  3023
   89:  2482  3037  3040
   90:  2483  2594  2608
   91:  2514  2692  2756
   92:  2531  3023  3037
   93:  2560  2953  2971
   94:  2571  2836  2891
   95:  2574  2612  2692
   96:  2689  2756  2804
   97:  2693  3495  3531
   98:  2737  3096  3495
   99:  2762  2804  2836
SUM: 3531 3530 381.21 345.91 894
