    0:     1     1   351
    1:    80   368   467
    2:   120   766   771
    3:   136   796   818
    4:   138   351   368
    5:   181   975  1010
    6:   218  1010  1011
    7:   271   873   889
    8:   286   673   685
    9:   292   467   481
   10:   312   498   506
   11:   321   731   766
   12:   324   506   673
   13:   349   481   498
   14:   368   852   864
   15:   398   771   789
   16:   404   791   796
   17:   470   890   896
   18:   525   864   867
   19:   535   685   718
   20:   537   833   852
   21:   547   970   975
   22:   551   718   731
   23:   570  1391  1419
   24:   610   789   791
   25:   655   867   873
   26:   670   920   970
   27:   709   731   731
   28:   747   818   833
   29:   767   889   890
   30:   795   896   920
   31:   826  1419  1438
   32:   852  1276  1305
   33:   853  1200  1244
   34:   908  1011  1200
   35:   982  1341  1359
   36:   993  1482  1521
   37:  1045  1438  1464
   38:  1064  1312  1337
   39:  1093  1481  1482
   40:  1109  1466  1480
   41:  1120  1265  1276
   42:  1151  1464  1466
   43:  1159  1965  2023
   44:  1173  1261  1265
   45:  1203  1305  1312
   46:  1208  1244  1261
   47:  1213  1359  1391
   48:  1235  1337  1341
   49:  1261  1480  1481
   50:  1292  1753  1762
   51:  1318  2024  2026
   52:  1339  1767  1805
   53:  1403  2023  2024
   54:  1405  1738  1753
   55:  1482  1762  1767
   56:  1499  1880  1891
   57:  1500  1891  1965
   58:  1505  1877  1880
   59:  1509  1521  1738
   60:  1553  2400  2430
   61:  1558  2506  2512
   62:  1567  1805  1851
   63:  1601  2444  2450
   64:  1764  1851  1877
   65:  1804  2320  2364
   66:  1854  2201  2204
   67:  1886  2175  2201
   68:  1931  2300  2317
   69:  1944  2461  2471
   70:  1947  2026  2175
   71:  1961  2317  2320
   72:  1985  2204  2243
   73:  2020  2381  2400
   74:  2057  2450  2461
   75:  2067  2265  2288
   76:  2097  2243  2265
   77:  2115  2491  2506
   78:  2165  2883  2932
   79:  2209  2430  2444
   80:  2228  2288  2300
   81:  2247  2803  2865
   82:  2313  2932  2935
   83:  2344  2364  2381
   84:  2384  2952  3008
   85:  2409  2471  2472
   86:  2420  2520  2524
   87:  2437  2472  2491
   88:  2452  2935  2935
   89:  2482  2949  2952
   90:  2483  2512  2520
   91:  2514  2524  2668
   92:  2531  2935  2949
   93:  2560  2865  2883
   94:  2571  2668  2803
   95:  2574  3407  3412
   96:  2689  3268  3300
   97:  2693  3412  3443
   98:  2737  3300  3407
   99:  2762  3008  3268
SUM: 3443 3442 381.91 347.49 948
