    0:     1     1   351
    1:   237   351   467
    2:   419   467   693
    3:   424   693   711
    4:   506   711   891
    5:   675   891  1251
    6:   849  1251  1653
    7:  1056  1653  1775
    8:  1148  1775  1979
    9:  1193  1979  2133
   10:  1306  2133  2158
   11:  1366  2158  2418
   12:  1392  2418  2511
   13:  1529  2511  2670
   14:  1639  2670  3020
   15:  1792  3020  3095
   16:  1833  3095  3102
   17:  2058  3102  3202
   18:  2268  3202  3231
   19:  2334  3231  3380
SUM: 3380 3379 833.30 664.35 1262
