    0:     1     1   176
    1:    70   184   234
    2:   106   234   347
    3:   120   347   371
    4:   122   176   184
    5:   160   371   467
    6:   193   636   684
    7:   199   540   574
    8:   224   467   522
    9:   293   467   467
   10:   310   715   719
   11:   318   578   589
   12:   321   589   636
   13:   344   684   715
   14:   361   524   540
   15:   388   574   578
   16:   393   574   574
   17:   451   522   524
   18:   499   892   899
   19:   508   767   825
   20:   509   882   892
   21:   518   951   953
   22:   522   825   831
   23:   539   719   767
   24:   575   831   861
   25:   615   899   902
   26:   628   911   951
   27:   662   831   831
   28:   696   861   882
   29:   714   902   911
   30:   739   953   980
   31:   767  1109  1148
   32:   790  1051  1082
   33:   791  1029  1051
   34:   839   980  1029
   35:   903  1082  1109
   36:   913  1148  1190
   37:   959  1218  1219
   38:   976  1280  1282
   39:  1002  1190  1210
   40:  1016  1210  1211
   41:  1026  1295  1313
   42:  1053  1211  1218
   43:  1060  1320  1441
   44:  1073  1313  1318
   45:  1099  1282  1295
   46:  1103  1318  1320
   47:  1108  1219  1255
   48:  1128  1255  1280
   49:  1151  1210  1210
SUM: 1441 1440 254.24 225.44 443
