    0:     1     1   351
    1:    80   368   467
    2:   120   766   771
    3:   136   771   818
    4:   138   351   368
    5:   181   889  1010
    6:   218  1010  1011
    7:   271   818   889
    8:   286   673   685
    9:   292   467   481
   10:   312   498   506
   11:   321   685   766
   12:   324   506   673
   13:   349   481   498
   14:   368  1155  1158
   15:   398  1231  1233
   16:   404  1200  1226
   17:   470  1102  1126
   18:   525  1149  1155
   19:   535  1291  1304
   20:   537  1158  1170
   21:   547  1011  1047
   22:   551  1244  1291
   23:   570  1359  1419
   24:   610  1226  1231
   25:   655  1132  1149
   26:   670  1047  1052
   27:   709  1291  1291
   28:   747  1170  1189
   29:   767  1126  1132
   30:   795  1052  1102
   31:   826  1419  1438
   32:   852  1304  1305
   33:   853  1233  1244
   34:   908  1189  1200
   35:   982  1305  1359
   36:   993  1438  1521
   37:  1045  1576  1578
   38:  1064  1701  1705
   39:  1093  1521  1560
   40:  1109  1561  1562
   41:  1120  1762  1766
   42:  1151  1562  1576
   43:  1159  1965  2023
   44:  1173  1767  1777
   45:  1203  1705  1730
   46:  1208  1777  1781
   47:  1213  1578  1651
   48:  1235  1651  1701
   49:  1261  1560  1561
   50:  1292  1753  1762
   51:  1318  2024  2026
   52:  1339  1781  1805
   53:  1403  2023  2024
   54:  1405  1738  1753
   55:  1482  1766  1767
   56:  1499  1880  1891
   57:  1500  1891  1965
   58:  1505  1805  1880
   59:  1509  1730  1738
   60:  1553  2400  2430
   61:  1558  2471  2512
   62:  1567  2175  2201
   63:  1601  2430  2450
   64:  1764  2026  2175
   65:  1804  2320  2364
   66:  1854  2201  2204
   67:  1886  2201  2201
   68:  1931  2243  2317
   69:  1944  2450  2471
   70:  1947  2175  2175
   71:  1961  2317  2320
   72:  1985  2204  2243
   73:  2020  2364  2400
   74:  2057  2576  2587
   75:  2067  2748  2760
   76:  2097  2760  2783
   77:  2115  2524  2542
   78:  2165  2865  2932
   79:  2209  2587  2604
   80:  2228  2667  2748
   81:  2247  2783  2865
   82:  2313  2932  2935
   83:  2344  2604  2667
   84:  2384  2952  3008
   85:  2409  2557  2576
   86:  2420  2520  2524
   87:  2437  2542  2557
   88:  2452  2935  2935
   89:  2482  2935  2952
   90:  2483  2512  2520
   91:  2514  3300  3348
   92:  2531  3008  3067
   93:  2560  3067  3133
   94:  2571  3133  3213
   95:  2574  3407  3412
   96:  2689  3268  3300
   97:  2693  3412  3443
   98:  2737  3348  3407
   99:  2762  3213  3268
SUM: 3443 3442 512.65 478.23 913
