    0:     1     1   351
    1:   237   351   467
    2:   419   467   693
    3:   424   693   711
    4:   506   711   891
    5:   675   933  1335
    6:   849   891   933
    7:  1056  1516  1639
    8:  1148  1335  1411
    9:  1193  1664  1997
   10:  1306  2014  2022
   11:  1366  1423  1516
   12:  1392  1411  1423
   13:  1529  1997  2014
   14:  1639  1639  1664
   15:  1792  2022  2305
   16:  1833  2305  2312
   17:  2058  2398  2442
   18:  2268  2312  2383
   19:  2334  2765  2778
   20:  2348  2383  2398
   21:  2414  2442  2521
   22:  2447  2521  2765
   23:  2557  2851  3039
   24:  2739  2778  2851
   25:  2932  3039  3309
   26:  3024  3309  3406
   27:  3203  3600  3759
   28:  3379  3406  3543
   29:  3496  3543  3600
   30:  3643  3759  3948
   31:  3799  4151  4284
   32:  3936  4090  4151
   33:  3948  3948  4090
   34:  4158  4331  4616
   35:  4163  4284  4331
   36:  4322  4616  4633
   37:  4577  4633  4891
   38:  4796  4891  5071
   39:  4944  5071  5152
   40:  5174  5174  5282
   41:  5403  5403  5452
   42:  5519  5519  5686
   43:  5739  5739  5947
   44:  5742  5947  6023
   45:  5853  6158  6396
   46:  5988  6023  6147
   47:  6097  6147  6158
   48:  6273  6396  6449
   49:  6422  6449  6475
   50:  6651  6651  6689
   51:  6769  6769  6807
   52:  6771  6807  6846
   53:  6868  6868  7058
   54:  6870  7078  7515
   55:  6993  7058  7078
   56:  7109  7603  7756
   57:  7167  7515  7538
   58:  7193  7595  7603
   59:  7256  7538  7595
   60:  7386  7756  7926
   61:  7579  7603  7603
   62:  7822  7973  8185
   63:  7898  7926  7973
   64:  8102  8597  8698
   65:  8166  8185  8425
   66:  8322  8425  8462
   67:  8399  8462  8537
   68:  8475  8537  8597
   69:  8607  8698  9020
   70:  8824  9197  9500
   71:  8888  9020  9035
   72:  9021  9035  9127
   73:  9116  9127  9197
   74:  9292  9500  9811
   75:  9503  9937 10023
   76:  9620  9811  9846
   77:  9726  9846  9937
   78:  9965 10265 10286
   79: 10003 10023 10265
   80: 10204 10286 10460
   81: 10327 10460 10464
   82: 10395 10553 10672
   83: 10432 10464 10553
   84: 10598 10672 10746
   85: 10605 10746 10835
   86: 10822 10835 10960
   87: 11072 11072 11136
   88: 11301 11301 11326
   89: 11338 11338 11462
   90: 11368 11462 11779
   91: 11615 11779 12101
   92: 11780 12110 12211
   93: 11811 12101 12110
   94: 11871 12211 12270
   95: 11967 12270 12387
   96: 12168 12405 12834
   97: 12307 12387 12405
   98: 12526 12834 12934
   99: 12724 12934 13035
SUM: 13035 12204 286.26 164.22 708
