    0:     1     1    88
    1:    60    88   117
    2:   105   117   173
    3:   106   173   178
    4:   126   178   223
    5:   168   233   333
    6:   211   223   233
    7:   262   449   455
    8:   285   401   404
    9:   296   333   353
   10:   324   353   359
   11:   339   404   424
   12:   345   359   401
   13:   379   480   549
   14:   406   424   449
   15:   444   478   480
   16:   454   455   478
   17:   510   549   645
   18:   562   664   691
   19:   578   725   728
   20:   581   691   694
   21:   597   645   664
   22:   605   710   725
   23:   632   728   757
   24:   677   694   710
   25:   725   757   825
   26:   748   825   849
   27:   792   883   909
   28:   836   849   883
   29:   865   909   949
   30:   901   949   957
   31:   940   957  1041
   32:   974  1053  1098
   33:   977  1098  1113
   34:  1029  1113  1124
   35:  1030  1041  1053
   36:  1069  1124  1128
   37:  1132  1132  1196
   38:  1186  1196  1241
   39:  1223  1241  1261
   40:  1280  1280  1307
   41:  1337  1337  1349
   42:  1366  1366  1408
   43:  1421  1421  1473
   44:  1443  1473  1503
   45:  1481  1503  1515
   46:  1489  1548  1568
   47:  1498  1515  1535
   48:  1529  1535  1548
   49:  1563  1568  1623
SUM: 1623 1539 77.60 46.82 187
