    0:     1     1   351
    1:   122   403   467
    2:   195   467   693
    3:   196   693   711
    4:   222   811   891
    5:   287   351   403
    6:   355   891   933
    7:   447   786   811
    8:   476  1226  1259
    9:   489  1341  1413
   10:   527  1430  1438
   11:   545  1153  1178
   12:   552  1259  1271
   13:   600  1413  1430
   14:   636   718   786
   15:   692   711   711
   16:   704   711   718
   17:   812   933  1048
   18:   906  1048  1077
   19:   926  1213  1226
   20:   930  1077  1092
   21:   950  1902  1907
   22:   959  1178  1213
   23:   995  1271  1341
   24:  1068  1092  1153
   25:  1148  1771  1805
   26:  1177  1852  1902
   27:  1248  1438  1663
   28:  1318  1754  1765
   29:  1357  1805  1822
   30:  1410  1822  1852
   31:  1468  2202  2298
   32:  1516  1907  2165
   33:  1519  1663  1710
   34:  1613  1710  1754
   35:  1614  2301  2345
   36:  1674  1765  1771
   37:  1825  2298  2301
   38:  1927  2565  2569
   39:  1980  2165  2202
   40:  2094  2569  2596
   41:  2207  2596  2645
   42:  2246  2345  2478
   43:  2349  2645  2686
   44:  2377  2518  2565
   45:  2433  2478  2518
   46:  2443  2569  2569
   47:  2454  3139  3189
   48:  2496  3102  3139
   49:  2544  3238  3279
   50:  2603  3073  3078
   51:  2652  2686  2814
   52:  2692  2816  3035
   53:  2797  2814  2816
   54:  2801  3078  3087
   55:  2920  3035  3073
   56:  2953  3640  3651
   57:  2955  3651  3725
   58:  2964  3637  3640
   59:  2972  3087  3102
   60:  3051  3189  3218
   61:  3060  3279  3300
   62:  3078  3300  3611
   63:  3141  3218  3238
   64:  3291  3611  3637
   65:  3363  3958  4002
   66:  3450  3725  3842
   67:  3510  3611  3611
   68:  3591  3926  3955
   69:  3616  4099  4109
   70:  3623  3637  3637
   71:  3650  3955  3958
   72:  3696  3842  3881
   73:  3761  4002  4038
   74:  3828  4038  4099
   75:  3848  3881  3926
   76:  3905  4350  4385
   77:  3940  4109  4144
   78:  4027  4467  4534
   79:  4105  4144  4206
   80:  4141  4206  4350
   81:  4178  4385  4467
   82:  4286  4534  4537
   83:  4344  4950  4951
   84:  4416  4537  4610
   85:  4463  5014  5042
   86:  4485  5090  5094
   87:  4519  5045  5061
   88:  4548  4666  4683
   89:  4604  4610  4666
   90:  4606  5061  5090
   91:  4664  4683  4950
   92:  4696  5507  5519
   93:  4751  5396  5453
   94:  4773  5318  5373
   95:  4779  4951  5014
   96:  4921  5179  5286
   97:  4929  5042  5045
   98:  5007  5094  5179
   99:  5054  5302  5318
  100:  5148  5497  5507
  101:  5178  5493  5497
  102:  5187  5935  5938
  103:  5193  5286  5302
  104:  5197  5786  5877
  105:  5263  5519  5539
  106:  5334  5373  5396
  107:  5418  5453  5493
  108:  5460  5539  5720
  109:  5496  5920  5934
  110:  5604  5720  5786
  111:  5669  5934  5935
  112:  5681  5877  5920
  113:  5756  5976  5989
  114:  5815  6309  6310
  115:  5856  6138  6225
  116:  5898  5938  5976
  117:  5965  5989  6138
  118:  6060  6907  6926
  119:  6078  6955  6973
  120:  6129  6468  6496
  121:  6131  6225  6309
  122:  6158  6934  6937
  123:  6203  6973  6977
  124:  6225  6310  6468
  125:  6312  6534  6616
  126:  6368  6694  6772
  127:  6375  6926  6934
  128:  6403  6937  6955
  129:  6496  6496  6534
  130:  6513  6667  6694
  131:  6563  6903  6907
  132:  6587  6616  6667
  133:  6625  7270  7362
  134:  6636  6872  6897
  135:  6645  6897  6903
  136:  6723  7362  7370
  137:  6733  7370  7379
  138:  6736  6772  6872
  139:  6743  7243  7270
  140:  6823  6977  6984
  141:  6876  7085  7243
  142:  6913  6984  7085
  143:  6933  6955  6955
  144:  6989  7379  7391
  145:  7128  7831  7838
  146:  7171  7509  7667
  147:  7238  7781  7831
  148:  7353  7420  7487
  149:  7360  7391  7420
  150:  7361  7487  7509
  151:  7469  7667  7781
  152:  7504  8271  8273
  153:  7653  7838  8030
  154:  7735  8123  8247
  155:  7858  8533  8546
  156:  7862  8531  8533
  157:  7865  8273  8531
  158:  7887  8077  8123
  159:  7922  8735  8745
  160:  7962  8030  8077
  161:  8074  8247  8271
  162:  8076  8546  8566
  163:  8218  8700  8731
  164:  8318  9160  9197
  165:  8322  8681  8697
  166:  8348  8731  8735
  167:  8412  8674  8681
  168:  8414  8566  8598
  169:  8443  8598  8674
  170:  8530  9047  9070
  171:  8563  8697  8700
  172:  8683  8745  8990
  173:  8718  9070  9114
  174:  8818  9575  9630
  175:  8835  9022  9047
  176:  8863  9114  9160
  177:  8898  9017  9022
  178:  8984  8990  9017
  179:  9013  9415  9501
  180:  9058  9302  9390
  181:  9107  9630  9632
  182:  9140  9197  9302
  183:  9227  9390  9400
  184:  9228  9921 10000
  185:  9252  9560  9575
  186:  9300  9501  9560
  187:  9371  9400  9415
  188:  9393 10000 10004
  189:  9476 10004 10015
  190:  9487 10080 10084
  191:  9537  9632  9816
  192:  9553 10058 10075
  193:  9556 10075 10080
  194:  9599  9816  9883
  195:  9678 10015 10058
  196:  9806  9909  9921
  197:  9811  9883  9909
  198:  9875 10472 10514
  199:  9990 10270 10419
  200:  9999 10084 10191
  201: 10045 10432 10433
  202: 10051 10191 10214
  203: 10070 10214 10270
  204: 10114 10916 10932
  205: 10169 10419 10432
  206: 10180 10823 10849
  207: 10204 10270 10270
  208: 10228 10769 10776
  209: 10268 10514 10515
  210: 10368 10796 10823
  211: 10370 10433 10472
  212: 10434 10907 10916
  213: 10450 10611 10769
  214: 10452 10878 10894
  215: 10461 10850 10878
  216: 10495 10515 10611
  217: 10629 11080 11171
  218: 10632 10849 10850
  219: 10684 10788 10796
  220: 10741 10776 10788
  221: 10784 11334 11355
  222: 10854 11375 11387
  223: 10873 10894 10907
  224: 10912 10932 10987
  225: 10913 11214 11307
  226: 10929 11316 11322
  227: 10971 10987 11080
  228: 10978 11355 11375
  229: 11010 11731 11743
  230: 11017 11171 11214
  231: 11090 11307 11316
  232: 11142 11615 11724
  233: 11255 11322 11334
  234: 11278 11387 11615
  235: 11294 11774 11890
  236: 11413 12293 12299
  237: 11535 12187 12231
  238: 11616 11743 11774
  239: 11703 11724 11731
  240: 11735 12317 12325
  241: 11744 12246 12247
  242: 11811 12231 12246
  243: 11816 12308 12317
  244: 11875 11890 12165
  245: 11883 12247 12293
  246: 11895 12325 12349
  247: 11951 12299 12308
  248: 11966 12165 12178
  249: 12031 12178 12187
  250: 12038 12349 12384
  251: 12087 12850 12856
  252: 12164 12597 12604
  253: 12232 12384 12583
  254: 12309 12583 12597
  255: 12418 12604 12766
  256: 12447 12809 12850
  257: 12567 12766 12809
  258: 12642 12856 12864
  259: 12788 13015 13072
  260: 12835 12864 12913
  261: 12850 13147 13248
  262: 12852 13257 13304
  263: 12903 12913 12990
  264: 12937 12990 13015
  265: 13036 13089 13147
  266: 13056 13072 13089
  267: 13110 13581 13716
  268: 13111 13566 13571
  269: 13170 13248 13257
  270: 13290 13304 13463
  271: 13292 13571 13581
  272: 13347 14198 14253
  273: 13384 13463 13548
  274: 13420 14177 14198
  275: 13468 13999 14075
  276: 13474 13548 13566
  277: 13531 13716 13759
  278: 13657 13759 13999
  279: 13679 14138 14177
  280: 13683 14075 14085
  281: 13703 14085 14121
  282: 13772 14559 14584
  283: 13777 14510 14537
  284: 13784 14718 14737
  285: 13794 14537 14555
  286: 13850 14645 14680
  287: 13952 14704 14711
  288: 13961 14555 14559
  289: 14085 14121 14138
  290: 14088 14680 14683
  291: 14146 14711 14718
  292: 14154 14368 14434
  293: 14196 14438 14510
  294: 14228 14434 14438
  295: 14234 14253 14368
  296: 14255 15158 15171
  297: 14259 14537 14537
  298: 14276 14608 14645
  299: 14308 14584 14608
  300: 14333 15157 15158
  301: 14453 14945 14996
  302: 14518 14741 14742
  303: 14575 14683 14704
  304: 14707 14742 14945
  305: 14712 14737 14741
  306: 14754 15083 15123
  307: 14759 15068 15083
  308: 14785 15025 15055
  309: 14794 15123 15157
  310: 14809 15402 15469
  311: 14855 14996 15025
  312: 14862 15055 15068
  313: 15008 15394 15402
  314: 15104 15171 15386
  315: 15164 15469 15487
  316: 15181 15747 15756
  317: 15253 15873 15940
  318: 15307 15386 15394
  319: 15311 15737 15747
  320: 15400 15487 15523
  321: 15452 15523 15633
  322: 15570 15760 15802
  323: 15574 16192 16284
  324: 15597 16324 16330
  325: 15605 15633 15737
  326: 15642 15805 15807
  327: 15651 15756 15760
  328: 15677 16334 16370
  329: 15679 16305 16321
  330: 15726 15802 15805
  331: 15761 15807 15873
  332: 15784 16321 16324
  333: 15873 15940 15941
  334: 15929 15941 15979
  335: 15976 15979 16192
  336: 15980 16330 16334
  337: 16080 16436 16439
  338: 16198 16828 16919
  339: 16220 16284 16305
  340: 16230 16658 16675
  341: 16325 16728 16779
  342: 16337 16370 16436
  343: 16357 16727 16728
  344: 16367 16439 16608
  345: 16452 16791 16817
  346: 16455 17219 17284
  347: 16504 16608 16641
  348: 16546 16641 16658
  349: 16573 17302 17337
  350: 16596 16919 16936
  351: 16658 17212 17219
  352: 16670 16675 16727
  353: 16702 17337 17372
  354: 16742 16817 16828
  355: 16770 16779 16791
  356: 16785 17284 17302
  357: 16811 17206 17212
  358: 16829 17088 17089
  359: 16830 17196 17206
  360: 16831 16982 17008
  361: 16843 17372 17392
  362: 16851 17008 17024
  363: 16888 17024 17088
  364: 16904 16936 16982
  365: 17007 17089 17132
  366: 17107 17132 17141
  367: 17108 17392 17400
  368: 17117 17141 17196
  369: 17130 17676 17710
  370: 17145 17614 17676
  371: 17171 17449 17614
  372: 17273 17710 17750
  373: 17394 17400 17449
  374: 17426 17848 17854
  375: 17478 18078 18104
  376: 17560 17750 17788
  377: 17605 17821 17848
  378: 17660 18298 18312
  379: 17714 17788 17821
  380: 17845 17854 18078
  381: 17882 18745 18758
  382: 17888 18563 18601
  383: 18000 18104 18210
  384: 18007 18761 18816
  385: 18023 18664 18709
  386: 18045 18709 18714
  387: 18097 18210 18298
  388: 18158 18714 18740
  389: 18200 18626 18664
  390: 18230 18312 18338
  391: 18263 18338 18465
  392: 18310 18465 18541
  393: 18422 18664 18664
  394: 18425 18740 18745
  395: 18476 18601 18626
  396: 18496 18541 18563
  397: 18557 18758 18761
  398: 18582 18816 18820
  399: 18675 18820 19055
  400: 18785 19239 19255
  401: 18800 19055 19185
  402: 18896 19637 19646
  403: 18919 19450 19483
  404: 18978 19647 19652
  405: 18991 19255 19255
  406: 19099 19504 19543
  407: 19125 19413 19450
  408: 19130 19255 19348
  409: 19138 19185 19239
  410: 19144 19543 19590
  411: 19210 19411 19413
  412: 19223 19374 19411
  413: 19239 19483 19504
  414: 19264 20035 20055
  415: 19269 19844 19968
  416: 19283 19348 19374
  417: 19324 20055 20069
  418: 19337 19646 19647
  419: 19391 19652 19657
  420: 19464 19590 19637
  421: 19521 19770 19844
  422: 19547 20014 20035
  423: 19598 19726 19770
  424: 19617 19657 19726
  425: 19694 20069 20081
  426: 19730 19968 20014
  427: 19748 20506 20508
  428: 19781 20343 20500
  429: 19798 20336 20343
  430: 19940 20272 20336
  431: 20022 20081 20214
  432: 20027 20500 20506
  433: 20069 20523 20546
  434: 20111 20252 20272
  435: 20179 20214 20252
  436: 20211 20522 20523
  437: 20298 20546 20759
  438: 20341 20759 20787
  439: 20436 20798 20886
  440: 20454 20508 20522
  441: 20534 20787 20798
  442: 20547 21286 21298
  443: 20671 20886 20993
  444: 20809 21152 21210
  445: 20814 21210 21218
  446: 20836 21059 21152
  447: 20890 20993 21059
  448: 21019 21218 21255
  449: 21095 21326 21508
  450: 21118 21508 21622
  451: 21209 21298 21326
  452: 21215 21277 21286
  453: 21235 21255 21277
  454: 21246 21622 21623
  455: 21380 21761 21772
  456: 21386 21920 21927
  457: 21510 21623 21698
  458: 21544 21927 21992
  459: 21574 21698 21761
  460: 21603 21772 21795
  461: 21745 21795 21920
  462: 21858 21992 22130
  463: 22001 22235 22296
  464: 22016 22148 22235
  465: 22033 22130 22148
  466: 22152 22410 22684
  467: 22175 22694 22724
  468: 22255 22296 22410
  469: 22317 23179 23202
  470: 22404 22928 23045
  471: 22435 23164 23179
  472: 22466 22870 22901
  473: 22481 23152 23164
  474: 22499 23045 23047
  475: 22522 23047 23062
  476: 22533 22724 22870
  477: 22566 22684 22694
  478: 22692 22901 22928
  479: 22831 23592 23611
  480: 22843 23575 23577
  481: 22919 23620 23638
  482: 22944 23638 23646
  483: 22954 23611 23620
  484: 23030 23062 23152
  485: 23038 23205 23398
  486: 23080 23398 23407
  487: 23121 23202 23205
  488: 23259 23952 23986
  489: 23360 23407 23575
  490: 23393 23577 23592
  491: 23523 23842 23911
  492: 23566 23646 23798
  493: 23635 23798 23842
  494: 23729 23911 23952
  495: 23790 24210 24358
  496: 23926 23986 24146
  497: 23937 24199 24210
  498: 23984 24146 24198
  499: 24023 24198 24199
SUM: 24358 24357 374.44 325.72 952
