    0:     1     1   176
    1:    70   184   234
    2:   106   578   587
    3:   120   546   563
    4:   122   176   184
    5:   160   234   467
    6:   193   671   684
    7:   199   563   574
    8:   224   467   522
    9:   293   467   467
   10:   310   715   719
   11:   318   587   589
   12:   321   613   636
   13:   344   684   715
   14:   361   539   540
   15:   388   574   578
   16:   393   574   574
   17:   451   522   524
   18:   499   524   539
   19:   508   607   613
   20:   509   540   546
   21:   518   719   953
   22:   522   589   607
   23:   539   636   671
   24:   575  1029  1045
   25:   615   995  1004
   26:   628   953   955
   27:   662  1067  1075
   28:   696  1004  1024
   29:   714   980   995
   30:   739   955   980
   31:   767  1125  1148
   32:   790  1075  1082
   33:   791  1045  1051
   34:   839  1024  1029
   35:   903  1098  1109
   36:   913  1170  1190
   37:   959  1148  1161
   38:   976  1082  1098
   39:  1002  1169  1170
   40:  1016  1162  1169
   41:  1026  1051  1067
   42:  1053  1161  1162
   43:  1060  1190  1441
   44:  1073  1562  1564
   45:  1099  1564  1587
   46:  1103  1441  1562
   47:  1108  1109  1125
   48:  1128  1587  1602
   49:  1151  1170  1170
SUM: 1602 1601 259.44 227.42 489
