    0:     1     1    88
    1:    60    88   117
    2:   105   178   183
    3:   106   117   178
    4:   126   323   333
    5:   168   183   223
    6:   211   223   323
    7:   262   333   353
    8:   285   384   404
    9:   296   407   443
   10:   324   447   449
   11:   339   353   384
   12:   345   404   407
   13:   379   443   447
   14:   406   449   539
   15:   444   556   558
   16:   454   539   556
   17:   510   558   585
   18:   562   585   593
   19:   578   596   630
   20:   581   593   596
   21:   597   630   694
   22:   605   740   755
   23:   632   755   787
   24:   677   694   740
   25:   725   899   903
   26:   748   787   879
   27:   792   913   939
   28:   836   903   913
   29:   865   879   899
   30:   901   939   987
   31:   940  1038  1071
   32:   974  1023  1038
   33:   977   987  1023
   34:  1029  1158  1162
   35:  1030  1071  1083
   36:  1069  1083  1158
   37:  1132  1162  1222
   38:  1186  1222  1267
   39:  1223  1267  1287
   40:  1280  1287  1314
   41:  1337  1337  1349
   42:  1366  1366  1408
   43:  1421  1421  1473
   44:  1443  1473  1503
   45:  1481  1503  1515
   46:  1489  1535  1568
   47:  1498  1515  1535
   48:  1529  1568  1588
   49:  1563  1588  1623
SUM: 1623 1569 83.70 52.32 197
