    0:     1     1   176
    1:   108   176   234
    2:   176   234   347
    3:   177   347   356
    4:   202   356   446
    5:   263   636   668
    6:   327   446   467
    7:   411   467   528
    8:   440   589   630
    9:   453   668   707
   10:   489   715   719
   11:   506   528   589
   12:   513   630   636
   13:   559   707   715
   14:   594   864   898
   15:   647   719   860
   16:   659   860   864
   17:   756   899   914
   18:   842   898   899
   19:   861   914  1003
SUM: 1003 1002 183.60 133.50 373
