    0:     1     1   686
    1:   208   787   911
    2:   323   911  1351
    3:   325  1351  1386
    4:   364  1386  1739
    5:   465   686   787
    6:   571  1739  1820
    7:   719  2045  2058
    8:   764  2392  2457
    9:   784  2616  2758
   10:   841  2791  2806
   11:   868  2252  2299
   12:   879  2457  2480
   13:   953  2758  2791
   14:  1008  2101  2106
   15:  1095  2250  2252
   16:  1113  2130  2239
   17:  1292  1889  2045
   18:  1443  2088  2101
   19:  1473  2366  2392
   20:  1478  2106  2130
   21:  1508  1820  1889
   22:  1522  2299  2366
   23:  1577  2480  2616
   24:  1692  2239  2250
   25:  1819  2058  2088
   26:  1863  3614  3713
   27:  1974  3219  3245
   28:  2083  3423  3445
   29:  2143  3456  3557
   30:  2225  3557  3614
   31:  2315  2867  2959
   32:  2389  2959  3219
   33:  2394  3245  3338
   34:  2546  3338  3423
   35:  2548  2806  2867
   36:  2640  3445  3456
   37:  2933  4300  4473
   38:  3100  4070  4122
   39:  3182  4122  4281
   40:  3373  3973  4070
   41:  3562  3713  3973
   42:  3621  4281  4300
   43:  3790  4904  5053
   44:  3791  4764  4904
   45:  3847  4639  4660
   46:  3919  5124  5146
   47:  3974  5053  5124
   48:  4083  4714  4764
   49:  4167  4712  4714
   50:  4357  4473  4639
   51:  4418  4660  4712
   52:  4478  5638  5728
   53:  4652  5184  5300
   54:  4658  5804  5831
   55:  4861  5728  5804
   56:  4911  5300  5562
   57:  4914  5146  5184
   58:  4928  5562  5583
   59:  4941  5831  5860
   60:  5066  5860  6086
   61:  5080  6086  6247
   62:  5108  5583  5638
   63:  5206  6327  6369
   64:  5497  6854  6905
   65:  5610  6466  6536
   66:  5749  6774  6849
   67:  5841  6849  6854
   68:  5969  6623  6629
   69:  6006  6247  6327
   70:  6016  6905  6905
   71:  6057  6536  6623
   72:  6127  6629  6774
   73:  6228  6369  6466
   74:  6333  7661  7695
   75:  6364  7313  7357
   76:  6451  7021  7313
   77:  6505  7695  7784
   78:  6645  6905  7021
   79:  6768  7357  7661
SUM: 7784 7783 952.17 854.89 1950
