    0:     1     1   351
    1:   122   403   467
    2:   195   467   693
    3:   196   693   711
    4:   222   711   891
    5:   287   351   403
    6:   355   891   933
    7:   447  1048  1055
    8:   476  1178  1259
    9:   489  1271  1413
   10:   527  1430  1438
   11:   545  1155  1178
   12:   552  1259  1271
   13:   600  1413  1430
   14:   636  1055  1080
   15:   692  1148  1155
   16:   704  1080  1148
   17:   812   933  1048
   18:   906  1784  1799
   19:   926  1535  1650
   20:   930  1765  1784
   21:   950  1902  1907
   22:   959  1650  1663
   23:   995  1438  1535
   24:  1068  1663  1723
   25:  1148  1799  1805
   26:  1177  1852  1902
   27:  1248  1663  1663
   28:  1318  1723  1765
   29:  1357  1805  1822
   30:  1410  1822  1852
   31:  1468  2165  2298
   32:  1516  2104  2165
   33:  1519  2060  2104
   34:  1613  2043  2060
   35:  1614  2301  2345
   36:  1674  1907  2043
   37:  1825  2298  2301
   38:  1927  2488  2569
   39:  1980  2478  2488
   40:  2094  2569  2596
   41:  2207  2596  2645
   42:  2246  2345  2478
   43:  2349  2645  2686
   44:  2377  2803  2807
   45:  2433  2822  2854
   46:  2443  2686  2803
   47:  2454  2883  2933
   48:  2496  2854  2883
   49:  2544  2933  3023
   50:  2603  2807  2822
   51:  2652  3486  3488
   52:  2692  3229  3267
   53:  2797  3427  3486
   54:  2801  3200  3215
   55:  2920  3215  3229
   56:  2953  3342  3353
   57:  2955  3353  3427
   58:  2964  3267  3342
   59:  2972  3023  3200
   60:  3051  3826  3892
   61:  3060  3912  3974
   62:  3078  3637  3663
   63:  3141  3892  3912
   64:  3291  3488  3637
   65:  3363  3666  3826
   66:  3450  3663  3666
   67:  3510  4243  4285
   68:  3591  4166  4169
   69:  3616  3980  4015
   70:  3623  4285  4311
   71:  3650  4086  4166
   72:  3696  4221  4243
   73:  3761  4025  4086
   74:  3828  4015  4025
   75:  3848  4169  4198
   76:  3905  4198  4221
   77:  3940  3974  3980
   78:  4027  4311  4370
   79:  4105  4560  4704
   80:  4141  4443  4560
   81:  4178  4373  4443
   82:  4286  4370  4373
   83:  4344  4784  4927
   84:  4416  5212  5268
   85:  4463  4704  4732
   86:  4485  4780  4784
   87:  4519  4732  4751
   88:  4548  4928  5195
   89:  4604  5209  5212
   90:  4606  4751  4780
   91:  4664  4927  4928
   92:  4696  5195  5209
   93:  4751  5349  5393
   94:  4773  5393  5473
   95:  4779  5667  5672
   96:  4921  5544  5560
   97:  4929  5672  5703
   98:  5007  5645  5667
   99:  5054  5473  5528
  100:  5148  5307  5339
  101:  5178  5339  5349
  102:  5187  5703  5706
  103:  5193  5528  5544
  104:  5197  5560  5645
  105:  5263  5268  5307
  106:  5334  5924  5962
  107:  5418  5962  6059
  108:  5460  5858  5924
  109:  5496  5709  5710
  110:  5604  5724  5858
  111:  5669  5706  5709
  112:  5681  5710  5724
  113:  5756  6450  6463
  114:  5815  6059  6142
  115:  5856  6142  6227
  116:  5898  6314  6450
  117:  5965  6227  6314
  118:  6060  6532  6540
  119:  6078  6489  6493
  120:  6129  6942  6970
  121:  6131  6694  6783
  122:  6158  6511  6529
  123:  6203  6463  6489
  124:  6225  6850  6942
  125:  6312  6783  6850
  126:  6368  6540  6694
  127:  6375  6529  6532
  128:  6403  6493  6511
  129:  6496  6970  7008
  130:  6513  7141  7168
  131:  6563  7377  7381
  132:  6587  7080  7141
  133:  6625  7072  7080
  134:  6636  7357  7371
  135:  6645  7371  7377
  136:  6723  7063  7072
  137:  6733  7008  7063
  138:  6736  7199  7346
  139:  6743  7168  7172
  140:  6823  7429  7458
  141:  6876  7172  7199
  142:  6913  7346  7357
  143:  6933  7381  7429
  144:  6989  7827  7865
  145:  7128  7458  7476
  146:  7171  7483  7647
  147:  7238  7476  7483
  148:  7353  7805  7827
  149:  7360  7865  7894
  150:  7361  7647  7805
  151:  7469  8184  8289
  152:  7504  7894  7911
  153:  7653  8061  8154
  154:  7735  7911  7937
  155:  7858  8171  8184
  156:  7862  8169  8171
  157:  7865  8154  8169
  158:  7887  7937  8061
  159:  7922  8369  8383
  160:  7962  8562  8659
  161:  8074  8659  8853
  162:  8076  8383  8562
  163:  8218  8289  8369
  164:  8318  8853  8871
  165:  8322  9259  9275
  166:  8348  9304  9313
  167:  8412  9252  9259
  168:  8414  9078  9176
  169:  8443  9176  9252
  170:  8530  8954  8998
  171:  8563  9275  9278
  172:  8683  9021  9078
  173:  8718  8871  8954
  174:  8818  9278  9304
  175:  8835  8998  9021
  176:  8863  9688  9718
  177:  8898  9575  9580
  178:  8984  9562  9575
  179:  9013  9392  9451
  180:  9058  9552  9562
  181:  9107  9313  9320
  182:  9140  9580  9650
  183:  9227  9451  9552
  184:  9228  9650  9688
  185:  9252  9320  9377
  186:  9300  9377  9392
  187:  9371  9973 10007
  188:  9393  9841  9852
  189:  9476  9772  9841
  190:  9487  9768  9772
  191:  9537 10007 10040
  192:  9553  9746  9763
  193:  9556  9763  9768
  194:  9599  9852  9973
  195:  9678  9718  9746
  196:  9806 10457 10469
  197:  9811 10202 10457
  198:  9875 10107 10202
  199:  9990 10040 10107
  200:  9999 10469 10525
  201: 10045 10952 10953
  202: 10051 10727 10734
  203: 10070 10781 10790
  204: 10114 10602 10618
  205: 10169 10939 10952
  206: 10180 10525 10535
  207: 10204 10790 10790
  208: 10228 10734 10774
  209: 10268 10992 11035
  210: 10368 10618 10727
  211: 10370 10953 10992
  212: 10434 10580 10602
  213: 10450 10774 10781
  214: 10452 10564 10580
  215: 10461 10535 10564
  216: 10495 10790 10939
  217: 10629 11246 11289
  218: 10632 11429 11446
  219: 10684 11384 11392
  220: 10741 11380 11384
  221: 10784 11035 11041
  222: 10854 11061 11073
  223: 10873 11473 11503
  224: 10912 11446 11473
  225: 10913 11138 11153
  226: 10929 11073 11138
  227: 10971 11289 11380
  228: 10978 11041 11061
  229: 11010 11392 11429
  230: 11017 11153 11246
  231: 11090 11985 12008
  232: 11142 11576 11742
  233: 11255 12008 12026
  234: 11278 11742 11851
  235: 11294 11503 11576
  236: 11413 11851 11985
  237: 11535 12138 12153
  238: 11616 12335 12378
  239: 11703 12219 12335
  240: 11735 12035 12059
  241: 11744 12091 12137
  242: 11811 12137 12138
  243: 11816 12059 12067
  244: 11875 12206 12219
  245: 11883 12076 12091
  246: 11895 12026 12035
  247: 11951 12067 12076
  248: 11966 12153 12206
  249: 12031 12745 12747
  250: 12038 12747 12944
  251: 12087 12378 12472
  252: 12164 12472 12724
  253: 12232 12731 12745
  254: 12309 12724 12731
  255: 12418 13298 13326
  256: 12447 13375 13410
  257: 12567 13326 13369
  258: 12642 13410 13424
  259: 12788 13040 13216
  260: 12835 13369 13375
  261: 12850 12984 13040
  262: 12852 12944 12984
  263: 12903 13273 13298
  264: 12937 13216 13273
  265: 13036 13705 13707
  266: 13056 13620 13649
  267: 13110 13424 13452
  268: 13111 13587 13597
  269: 13170 13707 13817
  270: 13290 13649 13705
  271: 13292 13452 13587
  272: 13347 13848 13903
  273: 13384 13597 13620
  274: 13420 13817 13848
  275: 13468 14071 14081
  276: 13474 14187 14204
  277: 13531 14387 14397
  278: 13657 14081 14157
  279: 13679 13903 13979
  280: 13683 14035 14071
  281: 13703 13979 14035
  282: 13772 14205 14234
  283: 13777 14157 14187
  284: 13784 14330 14387
  285: 13794 14204 14205
  286: 13850 14234 14330
  287: 13952 14426 14433
  288: 13961 14536 14585
  289: 14085 14710 14776
  290: 14088 14433 14461
  291: 14146 14397 14426
  292: 14154 14706 14710
  293: 14196 14607 14634
  294: 14228 14634 14706
  295: 14234 14776 14776
  296: 14255 14818 14831
  297: 14259 14585 14607
  298: 14276 14461 14499
  299: 14308 14499 14536
  300: 14333 14776 14818
  301: 14453 14947 15006
  302: 14518 15259 15260
  303: 14575 15129 15222
  304: 14707 15006 15057
  305: 14712 15222 15259
  306: 14754 14845 14879
  307: 14759 14879 14919
  308: 14785 14919 14947
  309: 14794 14831 14845
  310: 14809 15057 15129
  311: 14855 15474 15543
  312: 14862 15570 15586
  313: 15008 15373 15458
  314: 15104 15458 15474
  315: 15164 15260 15373
  316: 15181 15543 15570
  317: 15253 15586 15754
  318: 15307 15957 16042
  319: 15311 15934 15947
  320: 15400 16142 16171
  321: 15452 16042 16061
  322: 15570 15889 15892
  323: 15574 16061 16096
  324: 15597 16133 16142
  325: 15605 15947 15957
  326: 15642 15754 15887
  327: 15651 15892 15934
  328: 15677 16171 16182
  329: 15679 16096 16133
  330: 15726 15887 15889
  331: 15761 16498 16681
  332: 15784 16356 16366
  333: 15873 16711 16749
  334: 15929 16681 16711
  335: 15976 16366 16498
  336: 15980 16251 16356
  337: 16080 16182 16251
  338: 16198 16750 16767
  339: 16220 17098 17113
  340: 16230 16959 17011
  341: 16325 16869 16907
  342: 16337 17186 17244
  343: 16357 16907 16958
  344: 16367 17045 17078
  345: 16452 16858 16869
  346: 16455 17078 17098
  347: 16504 17033 17045
  348: 16546 17011 17028
  349: 16573 17113 17151
  350: 16596 16749 16750
  351: 16658 17028 17033
  352: 16670 16958 16959
  353: 16702 17151 17186
  354: 16742 16767 16858
  355: 16770 17586 17593
  356: 16785 17282 17372
  357: 16811 17372 17462
  358: 16829 17584 17585
  359: 16830 17462 17468
  360: 16831 17650 17666
  361: 16843 17274 17282
  362: 16851 17593 17650
  363: 16888 17585 17586
  364: 16904 17666 17692
  365: 17007 17533 17542
  366: 17107 17488 17533
  367: 17108 17244 17274
  368: 17117 17468 17478
  369: 17130 17550 17584
  370: 17145 17542 17550
  371: 17171 17478 17488
  372: 17273 17794 17832
  373: 17394 17978 18133
  374: 17426 17722 17728
  375: 17478 17832 17978
  376: 17560 17728 17794
  377: 17605 17692 17722
  378: 17660 18133 18186
  379: 17714 18580 18611
  380: 17845 18288 18420
  381: 17882 18562 18580
  382: 17888 18420 18423
  383: 18000 18200 18288
  384: 18007 18611 18638
  385: 18023 18423 18531
  386: 18045 18531 18536
  387: 18097 18186 18200
  388: 18158 18536 18562
  389: 18200 18717 18798
  390: 18230 18997 19124
  391: 18263 18921 18997
  392: 18310 18899 18921
  393: 18422 18798 18798
  394: 18425 18701 18717
  395: 18476 18798 18836
  396: 18496 18836 18899
  397: 18557 18642 18701
  398: 18582 18638 18642
  399: 18675 19241 19371
  400: 18785 19124 19171
  401: 18800 19171 19241
  402: 18896 19459 19562
  403: 18919 19371 19399
  404: 18978 19562 19568
  405: 18991 19171 19171
  406: 19099 19399 19459
  407: 19125 19760 19780
  408: 19130 19856 19882
  409: 19138 19951 19959
  410: 19144 19593 19640
  411: 19210 19780 19817
  412: 19223 19817 19819
  413: 19239 19640 19726
  414: 19264 19959 19971
  415: 19269 19882 19884
  416: 19283 19819 19856
  417: 19324 19971 19985
  418: 19337 19573 19583
  419: 19391 19568 19573
  420: 19464 19583 19593
  421: 19521 19726 19760
  422: 19547 19884 19951
  423: 19598 20259 20308
  424: 19617 20308 20352
  425: 19694 19985 19997
  426: 19730 19997 20064
  427: 19748 20416 20424
  428: 19781 20352 20416
  429: 19798 20252 20259
  430: 19940 20064 20252
  431: 20022 20756 20794
  432: 20027 20462 20502
  433: 20069 20439 20462
  434: 20111 20703 20736
  435: 20179 20736 20756
  436: 20211 20424 20439
  437: 20298 20502 20675
  438: 20341 20675 20703
  439: 20436 20794 20802
  440: 20454 21214 21332
  441: 20534 20909 21104
  442: 20547 21104 21214
  443: 20671 20802 20909
  444: 20809 21530 21538
  445: 20814 21493 21530
  446: 20836 21538 21596
  447: 20890 21604 21689
  448: 21019 21471 21493
  449: 21095 21596 21604
  450: 21118 21689 21718
  451: 21209 21332 21422
  452: 21215 21422 21462
  453: 21235 21462 21471
  454: 21246 21718 21719
  455: 21380 21857 21868
  456: 21386 21891 22023
  457: 21510 21719 21794
  458: 21544 22023 22088
  459: 21574 21794 21857
  460: 21603 21868 21891
  461: 21745 22157 22160
  462: 21858 22160 22226
  463: 22001 22088 22096
  464: 22016 22096 22157
  465: 22033 22226 22244
  466: 22152 22244 22484
  467: 22175 22484 22524
  468: 22255 22701 22838
  469: 22317 22979 23002
  470: 22404 22838 22845
  471: 22435 22964 22979
  472: 22466 22524 22701
  473: 22481 22862 22964
  474: 22499 22845 22847
  475: 22522 22847 22862
  476: 22533 23276 23334
  477: 22566 23440 23450
  478: 22692 23002 23276
  479: 22831 23371 23405
  480: 22843 23334 23371
  481: 22919 23414 23432
  482: 22944 23432 23440
  483: 22954 23405 23414
  484: 23030 23800 23848
  485: 23038 23699 23708
  486: 23080 23531 23699
  487: 23121 23848 23901
  488: 23259 23708 23800
  489: 23360 23514 23531
  490: 23393 23450 23514
  491: 23523 24036 24077
  492: 23566 24146 24190
  493: 23635 24077 24146
  494: 23729 23901 24036
  495: 23790 24190 24374
  496: 23926 24534 24586
  497: 23937 24374 24522
  498: 23984 24533 24534
  499: 24023 24522 24533
SUM: 24586 24585 489.91 440.74 956
