PREPRIO 2
0000:    0  400   50   50 2 |  3038  3038   435  2203
0001:    0  300   40   40 5 |  1606  1606   385   921
0002:    1  200   30   50 3 |  1831  1830   312  1318
0003:    1  301   20   10 2 |  2622  2621   118  2202
0004:    9  302   20   20 5 |  1477  1468   296   870
0005:   10  303   15   30 2 |  2746  2736   597  1836
0006:   10  304    5   40 2 |  3468  3458  2037  1117
0007:   11  305   20   40 4 |  2049  2038   597  1136
0008:   20  306   20   10 2 |  2539  2519   140  2073
0009:   50  307   20   10 1 |  3006  2956   162  2487
SUM: 3468 87.31 83.77 2427.00 1616.30 0.288
