PREPRIO 4
0000:    0  400   50   50 2 |  2953  2953   432  2121
0001:    0  300   40   40 4 |  1902  1902   285  1317
0002:    1  200   30   50 2 |  2413  2412   401  1811
0003:    1  301   20   10 4 |  1479  1478   161  1016
0004:    9  302   20   20 4 |  1741  1732   360  1070
0005:   10  303   15   30 1 |  3259  3249   614  2332
0006:   10  304    5   40 3 |  2617  2607  1922   381
0007:   11  305   20   40 3 |  2241  2230   453  1472
0008:   20  306   20   10 3 |  2185  2165   198  1661
0009:   50  307   20   10 1 |  2985  2935   155  2473
SUM: 3259 92.91 83.58 2366.30 1565.40 0.307
