PRIO 5
0000:    0  400   50   50 3 |  2753  2753   339  2014
0001:    0  300   40   40 2 |  2850  2850   299  2251
0002:    1  200   30   50 1 |  2947  2946   233  2513
0003:    1  301   20   10 3 |  2206  2205   178  1726
0004:    9  302   20   20 2 |  2656  2647   354  1991
0005:   10  303   15   30 3 |  1978  1968   639  1026
0006:   10  304    5   40 3 |  2546  2536  1874   358
0007:   11  305   20   40 1 |  3278  3267   529  2433
0008:   20  306   20   10 3 |  1969  1949   141  1502
0009:   50  307   20   10 3 |  1987  1937   159  1471
SUM: 3278 92.37 83.16 2505.80 1728.50 0.305
