#io generator
#numio=500 maxtracks=512 lambda=2.500000
1 350
122 466
195 240
196 222
222 42
287 402
355 0
447 122
476 326
489 480
527 505
545 245
552 338
600 497
636 147
692 222
704 215
812 115
906 144
926 293
930 159
950 36
959 280
995 408
1068 220
1148 138
1177 41
1248 280
1318 178
1357 121
1410 91
1468 427
1516 294
1519 233
1613 189
1614 474
1674 172
1825 430
1927 250
1980 331
2094 223
2207 174
2246 341
2349 133
2377 254
2433 301
2443 250
2454 380
2496 330
2544 470
2603 269
2652 5
2692 226
2797 7
2801 278
2920 264
2953 140
2955 66
2964 151
2972 293
3051 409
3060 491
3078 180
3141 429
3291 154
3363 343
3450 183
3510 180
3591 296
3616 450
3623 154
3650 299
3696 222
3761 379
3828 440
3848 267
3905 244
3940 485
4027 95
4105 423
4141 279
4178 162
4286 92
4344 360
4416 19
4463 451
4485 503
4519 470
4548 92
4604 75
4606 499
4664 359
4696 78
4751 144
4773 224
4779 423
4921 311
4929 454
5007 418
5054 279
5148 90
5178 100
5187 457
5193 295
5197 396
5263 58
5334 201
5418 104
5460 239
5496 453
5604 305
5669 454
5681 439
5756 508
5815 187
5856 272
5898 495
5965 359
6060 431
6078 478
6129 1
6131 188
6158 442
6203 482
6225 29
6312 121
6368 277
6375 439
6403 460
6496 39
6513 199
6563 412
6587 172
6625 111
6636 402
6645 408
6723 103
6733 94
6736 377
6743 203
6823 489
6876 230
6913 388
6933 460
6989 82
7128 471
7171 300
7238 464
7353 120
7360 53
7361 142
7469 414
7504 36
7653 279
7735 62
7858 309
7862 296
7865 294
7887 186
7922 508
7962 232
8074 38
8076 329
8218 494
8318 56
8322 460
8348 498
8412 444
8414 361
8443 437
8530 183
8563 463
8683 263
8718 139
8818 489
8835 206
8863 93
8898 231
8984 236
9013 360
9058 249
9107 491
9140 161
9227 259
9228 123
9252 434
9300 419
9371 274
9393 119
9476 108
9487 39
9537 307
9553 48
9556 43
9599 240
9678 65
9806 202
9811 214
9875 469
9990 374
9999 146
10045 388
10051 169
10070 225
10114 53
10169 387
10180 136
10204 225
10228 209
10268 470
10368 162
10370 427
10434 69
10450 216
10452 91
10461 107
10495 374
10629 292
10632 135
10684 189
10741 197
10784 476
10854 508
10873 78
10912 108
10913 428
10929 443
10971 201
10978 496
11010 152
11017 335
11090 437
11142 171
11255 455
11278 280
11294 5
11413 414
11535 346
11616 121
11703 164
11735 440
11744 362
11811 361
11816 432
11875 280
11883 408
11895 464
11951 423
11966 293
12031 302
12038 499
12087 27
12164 279
12232 300
12309 286
12418 117
12447 33
12567 74
12642 19
12788 227
12835 68
12850 403
12852 459
12903 145
12937 170
13036 302
13056 244
13110 47
13111 192
13170 412
13290 300
13292 182
13347 498
13384 215
13420 443
13468 320
13474 197
13531 4
13657 244
13679 422
13683 330
13703 366
13772 167
13777 214
13784 14
13794 196
13850 71
13952 40
13961 192
14085 383
14088 68
14146 33
14154 317
14196 241
14228 313
14234 383
14255 438
14259 214
14276 106
14308 143
14333 425
14453 263
14518 9
14575 47
14707 212
14712 10
14754 390
14759 350
14785 322
14794 424
14809 140
14855 292
14862 335
15008 207
15104 223
15164 122
15181 319
15253 503
15307 215
15311 310
15400 86
15452 196
15570 365
15574 161
15597 115
15605 300
15642 370
15651 323
15677 75
15679 124
15726 368
15761 436
15784 121
15873 504
15929 466
15976 253
15980 111
16080 6
16198 486
16220 140
16230 242
16325 346
16337 9
16357 295
16367 175
16452 384
16455 155
16504 208
16546 225
16573 102
16596 503
16658 220
16670 294
16702 67
16742 395
16770 358
16785 137
16811 227
16829 350
16830 233
16831 431
16843 47
16851 415
16888 351
16904 457
17007 307
17107 298
17108 39
17117 243
17130 349
17145 315
17171 253
17273 389
17394 88
17426 493
17478 243
17560 427
17605 487
17660 35
17714 460
17845 269
17882 429
17888 272
18000 137
18007 487
18023 380
18045 385
18097 49
18158 411
18200 335
18230 9
18263 136
18310 212
18422 335
18425 416
18476 297
18496 234
18557 432
18582 491
18675 256
18785 56
18800 126
18896 447
18919 284
18978 453
18991 56
19099 344
19125 251
19130 149
19138 72
19144 391
19210 214
19223 212
19239 305
19264 60
19269 147
19283 175
19324 46
19337 448
19391 458
19464 438
19521 271
19547 80
19598 345
19617 389
19694 34
19730 101
19748 461
19781 453
19798 296
19940 289
20022 167
20027 459
20069 499
20111 225
20179 205
20211 476
20298 286
20341 258
20436 159
20454 475
20534 247
20547 357
20671 52
20809 269
20814 277
20836 211
20890 118
21019 314
21095 203
21118 89
21209 385
21215 345
21235 336
21246 88
21380 237
21386 392
21510 163
21544 457
21574 226
21603 260
21745 385
21858 319
22001 449
22016 388
22033 301
22152 61
22175 21
22255 335
22317 499
22404 342
22435 476
22466 198
22481 461
22499 344
22522 359
22533 167
22566 51
22692 225
22831 96
22843 130
22919 69
22944 61
22954 87
23030 449
23038 309
23080 300
23121 502
23259 401
23360 132
23393 115
23523 326
23566 213
23635 257
23729 367
23790 29
23926 241
23937 177
23984 189
24023 188
