#io generator
#numio=80 maxtracks=1000 lambda=3.500000
1 685
208 910
323 470
325 435
364 82
465 786
571 1
719 239
764 638
784 939
841 987
868 480
879 661
953 972
1008 287
1095 433
1113 420
1292 226
1443 282
1473 573
1478 311
1508 70
1522 547
1577 797
1692 431
1819 269
1863 80
1974 548
2083 348
2143 236
2225 179
2315 834
2389 574
2394 455
2546 370
2548 926
2640 337
2933 840
3100 489
3182 648
3373 437
3562 340
3621 667
3790 260
3791 409
3847 653
3919 167
3974 189
4083 549
4167 599
4357 674
4418 601
4478 441
4652 13
4658 544
4861 517
4911 275
4914 129
4928 296
4941 573
5066 799
5080 960
5108 351
5206 838
5497 302
5610 671
5749 358
5841 353
5969 578
6006 880
6016 302
6057 584
6127 433
6228 741
6333 860
6364 522
6451 478
6505 949
6645 186
6768 826
