#io generator
#numio=80 maxtracks=300 lambda=3.500000
1 205
63 273
97 141
111 113
113 215
149 0
181 254
187 126
211 64
273 0
290 296
298 144
301 198
323 291
339 86
365 130
370 126
423 67
468 84
477 171
478 93
487 21
491 164
507 239
541 129
579 80
592 24
625 164
657 104
675 70
699 53
726 250
748 172
749 136
794 111
852 204
862 299
905 265
921 191
946 276
960 275
970 155
996 266
1003 5
1016 149
1041 176
1045 146
1050 222
1069 193
1091 275
1118 158
1140 3
1158 132
1210 4
1212 163
1273 155
1288 82
1291 49
1299 43
1319 237
1357 48
1425 86
1435 210
1478 299
1486 227
1513 248
1523 204
1533 240
1554 110
1603 36
1611 119
1632 173
1646 214
1678 218
1724 94
1742 198
1758 145
1823 248
1828 236
1869 146
