#io generator
#numio=100 maxtracks=512 lambda=0.500000
1 350
237 466
419 240
424 222
506 42
675 402
849 0
1056 122
1148 326
1193 480
1306 505
1366 245
1392 338
1529 497
1639 147
1792 222
1833 215
2058 115
2268 144
2334 293
2348 159
2414 36
2447 280
2557 408
2739 220
2932 138
3024 41
3203 280
3379 178
3496 121
3643 91
3799 427
3936 294
3948 233
4158 189
4163 474
4322 172
4577 430
4796 250
4944 331
5174 223
5403 174
5519 341
5739 133
5742 209
5853 334
5988 85
6097 96
6273 281
6422 307
6651 345
6769 307
6771 268
6868 458
6870 41
6993 478
7109 236
7167 18
7193 83
7256 75
7386 406
7579 83
7822 147
7898 359
8102 510
8166 387
8322 424
8399 349
8475 409
8607 188
8824 62
8888 203
9021 295
9116 365
9292 373
9503 161
9620 338
9726 247
9965 424
10003 403
10204 250
10327 254
10395 462
10432 343
10598 388
10605 299
10822 174
11072 238
11301 213
11338 337
11368 20
11615 342
11780 232
11811 333
11871 173
11967 56
12168 503
12307 74
12526 403
12724 302
