#io generator
#numio=100 maxtracks=512 lambda=9.000000
1 350
80 466
120 240
136 193
138 367
181 1
218 0
271 122
286 326
292 480
312 505
321 245
324 338
349 497
368 147
398 222
404 215
470 115
525 144
535 293
537 159
547 36
551 280
570 408
610 220
655 138
670 41
709 280
747 178
767 121
795 91
826 427
852 294
853 233
908 189
982 348
993 510
1045 453
1064 326
1093 471
1109 469
1120 265
1151 455
1159 8
1173 254
1203 301
1208 250
1213 380
1235 330
1261 470
1292 269
1318 5
1339 226
1403 7
1405 278
1482 264
1499 140
1500 66
1505 151
1509 293
1553 409
1558 491
1567 180
1601 429
1764 154
1804 343
1854 183
1886 180
1931 296
1944 450
1947 154
1961 299
1985 222
2020 379
2057 440
2067 267
2097 244
2115 485
2165 95
2209 423
2228 279
2247 162
2313 92
2344 360
2384 19
2409 451
2420 503
2437 470
2452 92
2482 75
2483 499
2514 359
2531 78
2560 144
2571 224
2574 423
2689 311
2693 454
2737 418
2762 279
