    0:     1     1   206
    1:    63   255   274
    2:    97   677   688
    3:   111   640   660
    4:   113   206   216
    5:   149   274   547
    6:   181   216   255
    7:   187   660   673
    8:   211   568   611
    9:   273   547   547
   10:   290   838   843
   11:   298   688   691
   12:   301   718   745
   13:   323   797   838
   14:   339   631   633
   15:   365   676   677
   16:   370   673   673
   17:   423   611   614
   18:   468   627   631
   19:   477   711   718
   20:   478   633   640
   21:   487   547   568
   22:   491   691   711
   23:   507   745   786
   24:   541   673   676
   25:   579   614   627
   26:   592   843  1115
   27:   625   711   711
   28:   657  1161  1195
   29:   675  1144  1161
   30:   699  1115  1144
   31:   726   786   797
   32:   748  1254  1263
   33:   749  1223  1227
   34:   794  1195  1202
   35:   852  1284  1295
   36:   862  1367  1390
   37:   905  1313  1356
   38:   921  1267  1282
   39:   946  1366  1367
   40:   960  1357  1366
   41:   970  1240  1246
   42:   996  1356  1357
   43:  1003  1687  1688
   44:  1016  1237  1240
   45:  1041  1263  1267
   46:  1045  1227  1237
   47:  1050  1295  1313
   48:  1069  1282  1284
   49:  1091  1366  1366
   50:  1118  1246  1249
   51:  1140  1390  1686
   52:  1158  1202  1223
   53:  1210  1686  1687
   54:  1212  1249  1254
   55:  1273  1828  1838
   56:  1288  1732  1765
   57:  1291  1731  1732
   58:  1299  1719  1726
   59:  1319  1919  1920
   60:  1357  1726  1731
   61:  1425  1765  1769
   62:  1435  1887  1893
   63:  1478  1931  1982
   64:  1486  1901  1910
   65:  1513  1923  1931
   66:  1523  1881  1887
   67:  1533  1920  1923
   68:  1554  1777  1793
   69:  1603  1688  1719
   70:  1611  1793  1802
   71:  1632  1838  1856
   72:  1646  1893  1897
   73:  1678  1897  1901
   74:  1724  1769  1777
   75:  1742  1856  1881
   76:  1758  1802  1828
   77:  1823  1931  1931
   78:  1828  1910  1919
   79:  1869  1982  2135
SUM: 2135 2134 319.01 292.34 684
