    0:     1     1   351
    1:   122   351   467
    2:   195   467   693
    3:   196   693   711
    4:   222   711   891
    5:   287   891  1251
    6:   355  1251  1653
    7:   447  1653  1775
    8:   476  1775  1979
    9:   489  1979  2133
   10:   527  2133  2158
   11:   545  2158  2418
   12:   552  2418  2511
   13:   600  2511  2670
   14:   636  2670  3020
   15:   692  3020  3095
   16:   704  3095  3102
   17:   812  3102  3202
   18:   906  3202  3231
   19:   926  3231  3380
   20:   930  3380  3514
   21:   950  3514  3637
   22:   959  3637  3881
   23:   995  3881  4009
   24:  1068  4009  4197
   25:  1148  4197  4279
   26:  1177  4279  4376
   27:  1248  4376  4615
   28:  1318  4615  4717
   29:  1357  4717  4774
   30:  1410  4774  4804
   31:  1468  4804  5140
   32:  1516  5140  5273
   33:  1519  5273  5334
   34:  1613  5334  5378
   35:  1614  5378  5663
   36:  1674  5663  5965
   37:  1825  5965  6223
   38:  1927  6223  6403
   39:  1980  6403  6484
   40:  2094  6484  6592
   41:  2207  6592  6641
   42:  2246  6641  6808
   43:  2349  6808  7016
   44:  2377  7016  7137
   45:  2433  7137  7184
   46:  2443  7184  7235
   47:  2454  7235  7365
   48:  2496  7365  7415
   49:  2544  7415  7555
   50:  2603  7555  7756
   51:  2652  7756  8020
   52:  2692  8020  8241
   53:  2797  8241  8460
   54:  2801  8460  8731
   55:  2920  8731  8745
   56:  2953  8745  8869
   57:  2955  8869  8943
   58:  2964  8943  9028
   59:  2972  9028  9170
   60:  3051  9170  9286
   61:  3060  9286  9368
   62:  3078  9368  9679
   63:  3141  9679  9928
   64:  3291  9928 10203
   65:  3363 10203 10392
   66:  3450 10392 10552
   67:  3510 10552 10555
   68:  3591 10555 10671
   69:  3616 10671 10825
   70:  3623 10825 11121
   71:  3650 11121 11266
   72:  3696 11266 11343
   73:  3761 11343 11500
   74:  3828 11500 11561
   75:  3848 11561 11734
   76:  3905 11734 11757
   77:  3940 11757 11998
   78:  4027 11998 12388
   79:  4105 12388 12716
   80:  4141 12716 12860
   81:  4178 12860 12977
   82:  4286 12977 13047
   83:  4344 13047 13315
   84:  4416 13315 13656
   85:  4463 13656 14088
   86:  4485 14088 14140
   87:  4519 14140 14173
   88:  4548 14173 14551
   89:  4604 14551 14568
   90:  4606 14568 14992
   91:  4664 14992 15132
   92:  4696 15132 15413
   93:  4751 15413 15479
   94:  4773 15479 15559
   95:  4779 15559 15758
   96:  4921 15758 15870
   97:  4929 15870 16013
   98:  5007 16013 16049
   99:  5054 16049 16188
  100:  5148 16188 16377
  101:  5178 16377 16387
  102:  5187 16387 16744
  103:  5193 16744 16906
  104:  5197 16906 17007
  105:  5263 17007 17345
  106:  5334 17345 17488
  107:  5418 17488 17585
  108:  5460 17585 17720
  109:  5496 17720 17934
  110:  5604 17934 18082
  111:  5669 18082 18231
  112:  5681 18231 18246
  113:  5756 18246 18315
  114:  5815 18315 18636
  115:  5856 18636 18721
  116:  5898 18721 18944
  117:  5965 18944 19080
  118:  6060 19080 19152
  119:  6078 19152 19199
  120:  6129 19199 19676
  121:  6131 19676 19863
  122:  6158 19863 20117
  123:  6203 20117 20157
  124:  6225 20157 20610
  125:  6312 20610 20702
  126:  6368 20702 20858
  127:  6375 20858 21020
  128:  6403 21020 21041
  129:  6496 21041 21462
  130:  6513 21462 21622
  131:  6563 21622 21835
  132:  6587 21835 22075
  133:  6625 22075 22136
  134:  6636 22136 22427
  135:  6645 22427 22433
  136:  6723 22433 22738
  137:  6733 22738 22747
  138:  6736 22747 23030
  139:  6743 23030 23204
  140:  6823 23204 23490
  141:  6876 23490 23749
  142:  6913 23749 23907
  143:  6933 23907 23979
  144:  6989 23979 24357
  145:  7128 24357 24746
  146:  7171 24746 24917
  147:  7238 24917 25081
  148:  7353 25081 25425
  149:  7360 25425 25492
  150:  7361 25492 25581
  151:  7469 25581 25853
  152:  7504 25853 26231
  153:  7653 26231 26474
  154:  7735 26474 26691
  155:  7858 26691 26938
  156:  7862 26938 26951
  157:  7865 26951 26953
  158:  7887 26953 27061
  159:  7922 27061 27383
  160:  7962 27383 27659
  161:  8074 27659 27853
  162:  8076 27853 28144
  163:  8218 28144 28309
  164:  8318 28309 28747
  165:  8322 28747 29151
  166:  8348 29151 29189
  167:  8412 29189 29243
  168:  8414 29243 29326
  169:  8443 29326 29402
  170:  8530 29402 29656
  171:  8563 29656 29936
  172:  8683 29936 30136
  173:  8718 30136 30260
  174:  8818 30260 30610
  175:  8835 30610 30893
  176:  8863 30893 31006
  177:  8898 31006 31144
  178:  8984 31144 31149
  179:  9013 31149 31273
  180:  9058 31273 31384
  181:  9107 31384 31626
  182:  9140 31626 31956
  183:  9227 31956 32054
  184:  9228 32054 32190
  185:  9252 32190 32501
  186:  9300 32501 32516
  187:  9371 32516 32661
  188:  9393 32661 32816
  189:  9476 32816 32827
  190:  9487 32827 32896
  191:  9537 32896 33164
  192:  9553 33164 33423
  193:  9556 33423 33428
  194:  9599 33428 33625
  195:  9678 33625 33800
  196:  9806 33800 33937
  197:  9811 33937 33949
  198:  9875 33949 34204
  199:  9990 34204 34299
  200:  9999 34299 34527
  201: 10045 34527 34769
  202: 10051 34769 34988
  203: 10070 34988 35044
  204: 10114 35044 35216
  205: 10169 35216 35550
  206: 10180 35550 35801
  207: 10204 35801 35890
  208: 10228 35890 35906
  209: 10268 35906 36167
  210: 10368 36167 36475
  211: 10370 36475 36740
  212: 10434 36740 37098
  213: 10450 37098 37245
  214: 10452 37245 37370
  215: 10461 37370 37386
  216: 10495 37386 37653
  217: 10629 37653 37735
  218: 10632 37735 37892
  219: 10684 37892 37946
  220: 10741 37946 37954
  221: 10784 37954 38233
  222: 10854 38233 38265
  223: 10873 38265 38695
  224: 10912 38695 38725
  225: 10913 38725 39045
  226: 10929 39045 39060
  227: 10971 39060 39302
  228: 10978 39302 39597
  229: 11010 39597 39941
  230: 11017 39941 40124
  231: 11090 40124 40226
  232: 11142 40226 40492
  233: 11255 40492 40776
  234: 11278 40776 40951
  235: 11294 40951 41226
  236: 11413 41226 41635
  237: 11535 41635 41703
  238: 11616 41703 41928
  239: 11703 41928 41971
  240: 11735 41971 42247
  241: 11744 42247 42325
  242: 11811 42325 42326
  243: 11816 42326 42397
  244: 11875 42397 42549
  245: 11883 42549 42677
  246: 11895 42677 42733
  247: 11951 42733 42774
  248: 11966 42774 42904
  249: 12031 42904 42913
  250: 12038 42913 43110
  251: 12087 43110 43582
  252: 12164 43582 43834
  253: 12232 43834 43855
  254: 12309 43855 43869
  255: 12418 43869 44038
  256: 12447 44038 44122
  257: 12567 44122 44163
  258: 12642 44163 44218
  259: 12788 44218 44426
  260: 12835 44426 44585
  261: 12850 44585 44920
  262: 12852 44920 44976
  263: 12903 44976 45290
  264: 12937 45290 45315
  265: 13036 45315 45447
  266: 13056 45447 45505
  267: 13110 45505 45702
  268: 13111 45702 45847
  269: 13170 45847 46067
  270: 13290 46067 46179
  271: 13292 46179 46297
  272: 13347 46297 46613
  273: 13384 46613 46896
  274: 13420 46896 47124
  275: 13468 47124 47247
  276: 13474 47247 47370
  277: 13531 47370 47563
  278: 13657 47563 47803
  279: 13679 47803 47981
  280: 13683 47981 48073
  281: 13703 48073 48109
  282: 13772 48109 48308
  283: 13777 48308 48355
  284: 13784 48355 48555
  285: 13794 48555 48737
  286: 13850 48737 48862
  287: 13952 48862 48893
  288: 13961 48893 49045
  289: 14085 49045 49236
  290: 14088 49236 49551
  291: 14146 49551 49586
  292: 14154 49586 49870
  293: 14196 49870 49946
  294: 14228 49946 50018
  295: 14234 50018 50088
  296: 14255 50088 50143
  297: 14259 50143 50367
  298: 14276 50367 50475
  299: 14308 50475 50512
  300: 14333 50512 50794
  301: 14453 50794 50956
  302: 14518 50956 51210
  303: 14575 51210 51248
  304: 14707 51248 51413
  305: 14712 51413 51615
  306: 14754 51615 51995
  307: 14759 51995 52035
  308: 14785 52035 52063
  309: 14794 52063 52165
  310: 14809 52165 52449
  311: 14855 52449 52601
  312: 14862 52601 52644
  313: 15008 52644 52772
  314: 15104 52772 52788
  315: 15164 52788 52889
  316: 15181 52889 53086
  317: 15253 53086 53270
  318: 15307 53270 53558
  319: 15311 53558 53653
  320: 15400 53653 53877
  321: 15452 53877 53987
  322: 15570 53987 54156
  323: 15574 54156 54360
  324: 15597 54360 54406
  325: 15605 54406 54591
  326: 15642 54591 54661
  327: 15651 54661 54708
  328: 15677 54708 54956
  329: 15679 54956 55005
  330: 15726 55005 55249
  331: 15761 55249 55317
  332: 15784 55317 55632
  333: 15873 55632 56015
  334: 15929 56015 56053
  335: 15976 56053 56266
  336: 15980 56266 56408
  337: 16080 56408 56513
  338: 16198 56513 56993
  339: 16220 56993 57339
  340: 16230 57339 57441
  341: 16325 57441 57545
  342: 16337 57545 57882
  343: 16357 57882 58168
  344: 16367 58168 58288
  345: 16452 58288 58497
  346: 16455 58497 58726
  347: 16504 58726 58779
  348: 16546 58779 58796
  349: 16573 58796 58919
  350: 16596 58919 59320
  351: 16658 59320 59603
  352: 16670 59603 59677
  353: 16702 59677 59904
  354: 16742 59904 60232
  355: 16770 60232 60269
  356: 16785 60269 60490
  357: 16811 60490 60580
  358: 16829 60580 60703
  359: 16830 60703 60820
  360: 16831 60820 61018
  361: 16843 61018 61402
  362: 16851 61402 61770
  363: 16888 61770 61834
  364: 16904 61834 61940
  365: 17007 61940 62090
  366: 17107 62090 62099
  367: 17108 62099 62358
  368: 17117 62358 62562
  369: 17130 62562 62668
  370: 17145 62668 62702
  371: 17171 62702 62764
  372: 17273 62764 62900
  373: 17394 62900 63201
  374: 17426 63201 63606
  375: 17478 63606 63856
  376: 17560 63856 64040
  377: 17605 64040 64100
  378: 17660 64100 64552
  379: 17714 64552 64977
  380: 17845 64977 65168
  381: 17882 65168 65328
  382: 17888 65328 65485
  383: 18000 65485 65620
  384: 18007 65620 65970
  385: 18023 65970 66077
  386: 18045 66077 66082
  387: 18097 66082 66418
  388: 18158 66418 66780
  389: 18200 66780 66856
  390: 18230 66856 67182
  391: 18263 67182 67309
  392: 18310 67309 67385
  393: 18422 67385 67508
  394: 18425 67508 67589
  395: 18476 67589 67708
  396: 18496 67708 67771
  397: 18557 67771 67969
  398: 18582 67969 68028
  399: 18675 68028 68263
  400: 18785 68263 68463
  401: 18800 68463 68533
  402: 18896 68533 68854
  403: 18919 68854 69017
  404: 18978 69017 69186
  405: 18991 69186 69583
  406: 19099 69583 69871
  407: 19125 69871 69964
  408: 19130 69964 70066
  409: 19138 70066 70143
  410: 19144 70143 70462
  411: 19210 70462 70639
  412: 19223 70639 70641
  413: 19239 70641 70734
  414: 19264 70734 70979
  415: 19269 70979 71066
  416: 19283 71066 71094
  417: 19324 71094 71223
  418: 19337 71223 71625
  419: 19391 71625 71635
  420: 19464 71635 71655
  421: 19521 71655 71822
  422: 19547 71822 72013
  423: 19598 72013 72278
  424: 19617 72278 72322
  425: 19694 72322 72677
  426: 19730 72677 72744
  427: 19748 72744 73104
  428: 19781 73104 73112
  429: 19798 73112 73269
  430: 19940 73269 73276
  431: 20022 73276 73398
  432: 20027 73398 73690
  433: 20069 73690 73730
  434: 20111 73730 74004
  435: 20179 74004 74024
  436: 20211 74024 74295
  437: 20298 74295 74485
  438: 20341 74485 74513
  439: 20436 74513 74612
  440: 20454 74612 74928
  441: 20534 74928 75156
  442: 20547 75156 75266
  443: 20671 75266 75571
  444: 20809 75571 75788
  445: 20814 75788 75796
  446: 20836 75796 75862
  447: 20890 75862 75955
  448: 21019 75955 76151
  449: 21095 76151 76262
  450: 21118 76262 76376
  451: 21209 76376 76672
  452: 21215 76672 76712
  453: 21235 76712 76721
  454: 21246 76721 76969
  455: 21380 76969 77118
  456: 21386 77118 77273
  457: 21510 77273 77502
  458: 21544 77502 77796
  459: 21574 77796 78027
  460: 21603 78027 78061
  461: 21745 78061 78186
  462: 21858 78186 78252
  463: 22001 78252 78382
  464: 22016 78382 78443
  465: 22033 78443 78530
  466: 22152 78530 78770
  467: 22175 78770 78810
  468: 22255 78810 79124
  469: 22317 79124 79288
  470: 22404 79288 79445
  471: 22435 79445 79579
  472: 22466 79579 79857
  473: 22481 79857 80120
  474: 22499 80120 80237
  475: 22522 80237 80252
  476: 22533 80252 80444
  477: 22566 80444 80560
  478: 22692 80560 80734
  479: 22831 80734 80863
  480: 22843 80863 80897
  481: 22919 80897 80958
  482: 22944 80958 80966
  483: 22954 80966 80992
  484: 23030 80992 81354
  485: 23038 81354 81494
  486: 23080 81494 81503
  487: 23121 81503 81705
  488: 23259 81705 81806
  489: 23360 81806 82075
  490: 23393 82075 82092
  491: 23523 82092 82303
  492: 23566 82303 82416
  493: 23635 82416 82460
  494: 23729 82460 82570
  495: 23790 82570 82908
  496: 23926 82908 83120
  497: 23937 83120 83184
  498: 23984 83184 83196
  499: 24023 83196 83197
SUM: 83197 83196 30467.12 30300.73 59200
