    0:     1     1   351
    1:   237   351   467
    2:   419   467   693
    3:   424   693   711
    4:   506   711   891
    5:   675   933  1335
    6:   849   891   933
    7:  1056  1796  1821
    8:  1148  1605  1617
    9:  1193  1335  1413
   10:  1306  1413  1438
   11:  1366  1617  1698
   12:  1392  1438  1605
   13:  1529  1921  2196
   14:  1639  1698  1796
   15:  1792  1821  1921
   16:  1833  2196  2478
   17:  2058  2549  2578
   18:  2268  2478  2549
   19:  2334  2578  2756
SUM: 2756 2755 361.10 223.35 740
