    0:     1     1   176
    1:    70   176   234
    2:   106   234   347
    3:   120   347   371
    4:   122   371   458
    5:   160   458   641
    6:   193   641   858
    7:   199   858   968
    8:   224   968  1020
    9:   293  1020  1075
   10:   310  1075  1327
   11:   318  1327  1457
   12:   321  1457  1504
   13:   344  1504  1583
   14:   361  1583  1758
   15:   388  1758  1796
   16:   393  1796  1800
   17:   451  1800  1850
   18:   499  1850  1865
   19:   508  1865  1939
   20:   509  1939  2006
   21:   518  2006  2067
   22:   522  2067  2189
   23:   539  2189  2253
   24:   575  2253  2347
   25:   615  2347  2388
   26:   628  2388  2437
   27:   662  2437  2557
   28:   696  2557  2608
   29:   714  2608  2637
   30:   739  2637  2652
   31:   767  2652  2820
   32:   790  2820  2886
   33:   791  2886  2917
   34:   839  2917  2939
   35:   903  2939  3019
   36:   913  3019  3100
   37:   959  3100  3129
   38:   976  3129  3192
   39:  1002  3192  3264
   40:  1016  3264  3265
   41:  1026  3265  3367
   42:  1053  3367  3462
   43:  1060  3462  3685
   44:  1073  3685  3808
   45:  1099  3808  3831
   46:  1103  3831  3856
   47:  1108  3856  3921
   48:  1128  3921  3946
   49:  1151  3946  4016
SUM: 4016 4015 1654.72 1574.42 2795
