    0:     1     1   176
    1:   108   176   234
    2:   176   536   545
    3:   177   486   536
    4:   202   234   446
    5:   263   594   626
    6:   327   677   929
    7:   411   446   486
    8:   440   547   588
    9:   453   626   665
   10:   489   673   677
   11:   506   545   547
   12:   513   588   594
   13:   559   665   673
   14:   594  1001  1002
   15:   647  1036  1040
   16:   659  1002  1036
   17:   756   929   986
   18:   842   986  1001
   19:   861  1040  1075
SUM: 1075 1074 243.90 190.20 407
