    0:     1     1   686
    1:   208   787   911
    2:   323  1495  1505
    3:   325  1505  1540
    4:   364  1749  1893
    5:   465   686   787
    6:   571  1905  1974
    7:   719  1693  1736
    8:   764  1314  1337
    9:   784   911   940
   10:   841   940   988
   11:   868  1337  1495
   12:   879  1003  1314
   13:   953   988  1003
   14:  1008  1664  1688
   15:  1095  1540  1542
   16:  1113  1542  1555
   17:  1292  1736  1749
   18:  1443  1688  1693
   19:  1473  2937  2962
   20:  1478  1555  1664
   21:  1508  1895  1905
   22:  1522  2726  2936
   23:  1577  2963  3186
   24:  1692  2501  2584
   25:  1819  1974  2242
   26:  1863  1893  1895
   27:  1974  2936  2937
   28:  2083  2332  2501
   29:  2143  2242  2275
   30:  2225  2275  2332
   31:  2315  3186  3223
   32:  2389  2962  2963
   33:  2394  2584  2608
   34:  2546  2608  2693
   35:  2548  3229  3315
   36:  2640  2693  2726
   37:  2933  3223  3229
   38:  3100  3593  3752
   39:  3182  3315  3593
   40:  3373  3752  3804
   41:  3562  3832  3901
   42:  3621  4560  4574
   43:  3790  3901  3981
   44:  3791  3804  3832
   45:  3847  4074  4560
   46:  3919  4052  4074
   47:  3974  3981  4052
   48:  4083  4656  4706
   49:  4167  4654  4656
   50:  4357  4574  4581
   51:  4418  4581  4654
   52:  4478  4711  4814
   53:  4652  4814  5242
   54:  4658  4706  4711
   55:  4861  5580  5746
   56:  4911  5358  5504
   57:  4914  5242  5358
   58:  4928  5504  5525
   59:  4941  5746  5802
   60:  5066  5900  6028
   61:  5080  6109  6189
   62:  5108  5531  5580
   63:  5206  6028  6067
   64:  5497  5525  5531
   65:  5610  5802  5900
   66:  5749  6716  6791
   67:  5841  6791  6796
   68:  5969  6565  6571
   69:  6006  6067  6109
   70:  6016  6796  6847
   71:  6057  6189  6565
   72:  6127  6671  6716
   73:  6228  6963  7518
   74:  6333  7603  7637
   75:  6364  6571  6627
   76:  6451  6627  6671
   77:  6505  7637  7726
   78:  6645  6847  6963
   79:  6768  7518  7603
SUM: 7726 7725 588.48 491.91 1464
