    0:     1     1   351
    1:   122   403   467
    2:   195   467   693
    3:   196   698   721
    4:   222   828   901
    5:   287   351   403
    6:   355   901   943
    7:   447   796   821
    8:   476  1236  1269
    9:   489  2231  2237
   10:   527  2254  2262
   11:   545   693   698
   12:   552  1269  1281
   13:   600  2237  2254
   14:   636   728   796
   15:   692   721   721
   16:   704   721   728
   17:   812   821   828
   18:   906   943  1087
   19:   926  1223  1236
   20:   930  1087  1102
   21:   950  1578  1583
   22:   959  1163  1223
   23:   995  2088  2165
   24:  1068  1102  1163
   25:  1148  1441  1481
   26:  1177  1528  1578
   27:  1248  1281  1339
   28:  1318  1339  1441
   29:  1357  1481  1498
   30:  1410  1498  1528
   31:  1468  2165  2184
   32:  1516  1841  1963
   33:  1519  1583  1780
   34:  1613  1780  1824
   35:  1614  2187  2231
   36:  1674  1824  1841
   37:  1825  2184  2187
   38:  1927  1963  2007
   39:  1980  2007  2088
   40:  2094  2517  2544
   41:  2207  2544  2593
   42:  2246  2262  2426
   43:  2349  2593  2634
   44:  2377  2426  2513
   45:  2433  2770  2802
   46:  2443  2513  2517
   47:  2454  2877  2927
   48:  2496  2825  2877
   49:  2544  2927  3017
   50:  2603  2634  2770
   51:  2652  3480  3482
   52:  2692  3223  3261
   53:  2797  3421  3480
   54:  2801  2802  2825
   55:  2920  3194  3223
   56:  2953  3336  3347
   57:  2955  3347  3421
   58:  2964  3333  3336
   59:  2972  3017  3194
   60:  3051  3914  3944
   61:  3060  4020  4026
   62:  3078  3261  3307
   63:  3141  3944  3964
   64:  3291  3307  3333
   65:  3363  3834  3878
   66:  3450  3482  3660
   67:  3510  3660  3663
   68:  3591  3689  3831
   69:  3616  3975  3985
   70:  3623  3663  3689
   71:  3650  3831  3834
   72:  3696  4297  4319
   73:  3761  3878  3914
   74:  3828  3964  3975
   75:  3848  4026  4250
   76:  3905  4262  4297
   77:  3940  3985  4020
   78:  4027  4379  4446
   79:  4105  4864  4928
   80:  4141  4250  4262
   81:  4178  4319  4379
   82:  4286  4446  4449
   83:  4344  4522  4863
   84:  4416  4449  4522
   85:  4463  4928  4956
   86:  4485  5004  5008
   87:  4519  4959  4975
   88:  4548  5411  5419
   89:  4604  5433  5436
   90:  4606  4975  5004
   91:  4664  4863  4864
   92:  4696  5421  5433
   93:  4751  5287  5367
   94:  4773  5232  5287
   95:  4779  4928  4928
   96:  4921  5093  5200
   97:  4929  4956  4959
   98:  5007  5008  5093
   99:  5054  5216  5232
  100:  5148  5419  5421
  101:  5178  5367  5411
  102:  5187  5849  5852
  103:  5193  5200  5216
  104:  5197  5700  5791
  105:  5263  5436  5453
  106:  5334  5499  5596
  107:  5418  5453  5499
  108:  5460  5596  5634
  109:  5496  5834  5848
  110:  5604  5634  5700
  111:  5669  5848  5849
  112:  5681  5791  5834
  113:  5756  5852  5903
  114:  5815  6223  6224
  115:  5856  5916  6139
  116:  5898  5903  5916
  117:  5965  6224  6396
  118:  6060  6396  6468
  119:  6078  6497  6515
  120:  6129  6980  7008
  121:  6131  6139  6223
  122:  6158  6476  6479
  123:  6203  6515  6519
  124:  6225  6970  6980
  125:  6312  6837  6888
  126:  6368  6519  6724
  127:  6375  6468  6476
  128:  6403  6479  6497
  129:  6496  6915  6970
  130:  6513  6724  6802
  131:  6563  7415  7419
  132:  6587  6806  6837
  133:  6625  6888  6898
  134:  6636  7395  7409
  135:  6645  7409  7415
  136:  6723  6898  6906
  137:  6733  6906  6915
  138:  6736  7307  7384
  139:  6743  6802  6806
  140:  6823  7478  7496
  141:  6876  7089  7237
  142:  6913  7384  7395
  143:  6933  7419  7467
  144:  6989  7008  7089
  145:  7128  7471  7478
  146:  7171  7237  7307
  147:  7238  7467  7471
  148:  7353  7843  7865
  149:  7360  7923  7932
  150:  7361  7571  7843
  151:  7469  7496  7571
  152:  7504  7932  7949
  153:  7653  8145  8192
  154:  7735  7865  7923
  155:  7858  8209  8222
  156:  7862  8207  8209
  157:  7865  8192  8207
  158:  7887  7949  8099
  159:  7922  8411  8421
  160:  7962  8099  8145
  161:  8074  9520  9521
  162:  8076  8222  8242
  163:  8218  8242  8407
  164:  8318  9440  9503
  165:  8322  8421  8469
  166:  8348  8407  8411
  167:  8412  8469  8485
  168:  8414  8492  8568
  169:  8443  8485  8492
  170:  8530  8670  8950
  171:  8563  8568  8670
  172:  8683  9003  9030
  173:  8718  9346  9368
  174:  8818 10158 10178
  175:  8835  8950  8973
  176:  8863  9384  9414
  177:  8898  8973  8998
  178:  8984  8998  9003
  179:  9013  9030  9127
  180:  9058  9127  9238
  181:  9107 10178 10180
  182:  9140  9248  9346
  183:  9227  9238  9248
  184:  9228  9368  9384
  185:  9252 10108 10123
  186:  9300 10077 10108
  187:  9371  9891  9963
  188:  9393  9414  9440
  189:  9476  9521  9591
  190:  9487  9503  9520
  191:  9537  9963  9996
  192:  9553  9591  9651
  193:  9556  9651  9656
  194:  9599  9656  9853
  195:  9678 10768 10772
  196:  9806  9879  9891
  197:  9811  9853  9879
  198:  9875 10123 10158
  199:  9990  9996 10063
  200:  9999 10675 10691
  201: 10045 10063 10077
  202: 10051 10628 10668
  203: 10070 10367 10612
  204: 10114 10772 10784
  205: 10169 10180 10284
  206: 10180 10691 10701
  207: 10204 10612 10612
  208: 10228 10621 10628
  209: 10268 10284 10367
  210: 10368 10668 10675
  211: 10370 11467 11480
  212: 10434 10746 10768
  213: 10450 10612 10621
  214: 10452 10730 10746
  215: 10461 10702 10730
  216: 10495 11388 11427
  217: 10629 11200 11321
  218: 10632 10701 10702
  219: 10684 10784 10920
  220: 10741 10920 10928
  221: 10784 11508 11529
  222: 10854 11549 11561
  223: 10873 11017 11047
  224: 10912 10928 11017
  225: 10913 11480 11481
  226: 10929 11490 11496
  227: 10971 11121 11170
  228: 10978 11529 11549
  229: 11010 11047 11121
  230: 11017 11333 11388
  231: 11090 11481 11490
  232: 11142 11170 11200
  233: 11255 11496 11508
  234: 11278 11321 11333
  235: 11294 11948 12064
  236: 11413 11427 11467
  237: 11535 11561 11723
  238: 11616 11905 11948
  239: 11703 11723 11905
  240: 11735 12493 12501
  241: 11744 12422 12423
  242: 11811 12363 12422
  243: 11816 12484 12493
  244: 11875 12064 12339
  245: 11883 12423 12469
  246: 11895 12501 12525
  247: 11951 12469 12484
  248: 11966 12347 12354
  249: 12031 12361 12363
  250: 12038 12525 12560
  251: 12087 13396 13402
  252: 12164 12339 12340
  253: 12232 12354 12361
  254: 12309 12340 12347
  255: 12418 12560 12942
  256: 12447 13382 13396
  257: 12567 13237 13355
  258: 12642 13402 13410
  259: 12788 12995 13052
  260: 12835 13355 13361
  261: 12850 13757 13794
  262: 12852 13834 13850
  263: 12903 12942 12970
  264: 12937 12970 12995
  265: 13036 13052 13127
  266: 13056 13127 13185
  267: 13110 13361 13382
  268: 13111 13185 13237
  269: 13170 13794 13803
  270: 13290 13606 13691
  271: 13292 13410 13573
  272: 13347 13850 13889
  273: 13384 13588 13606
  274: 13420 13813 13834
  275: 13468 13691 13711
  276: 13474 13573 13588
  277: 13531 14526 14531
  278: 13657 13889 14143
  279: 13679 13803 13813
  280: 13683 13711 13721
  281: 13703 13721 13757
  282: 13772 14195 14220
  283: 13777 14143 14173
  284: 13784 14502 14521
  285: 13794 14173 14191
  286: 13850 14429 14464
  287: 13952 14467 14495
  288: 13961 14191 14195
  289: 14085 15526 15590
  290: 14088 14464 14467
  291: 14146 14495 14502
  292: 14154 14840 14844
  293: 14196 14220 14294
  294: 14228 14790 14840
  295: 14234 15590 15590
  296: 14255 15682 15695
  297: 14259 14294 14321
  298: 14276 14392 14429
  299: 14308 14321 14392
  300: 14333 15681 15682
  301: 14453 14531 14790
  302: 14518 14521 14526
  303: 14575 15087 15180
  304: 14707 14935 15015
  305: 14712 15180 15217
  306: 14754 15590 15597
  307: 14759 14849 14877
  308: 14785 14844 14849
  309: 14794 15622 15681
  310: 14809 15020 15087
  311: 14855 14892 14935
  312: 14862 14877 14892
  313: 15008 15015 15020
  314: 15104 15422 15430
  315: 15164 15217 15329
  316: 15181 15517 15526
  317: 15253 15695 15760
  318: 15307 15329 15422
  319: 15311 15430 15517
  320: 15400 16152 16177
  321: 15452 15963 16067
  322: 15570 15597 15622
  323: 15574 16067 16102
  324: 15597 16142 16148
  325: 15605 15940 15963
  326: 15642 15760 15893
  327: 15651 15895 15940
  328: 15677 16177 16188
  329: 15679 16102 16139
  330: 15726 15893 15895
  331: 15761 16635 16687
  332: 15784 16139 16142
  333: 15873 16754 16755
  334: 15929 16687 16717
  335: 15976 16493 16504
  336: 15980 16148 16152
  337: 16080 16188 16257
  338: 16198 16717 16737
  339: 16220 16257 16391
  340: 16230 16426 16493
  341: 16325 16546 16597
  342: 16337 17820 17846
  343: 16357 16504 16546
  344: 16367 16391 16426
  345: 16452 16597 16635
  346: 16455 17398 17700
  347: 16504 17137 17149
  348: 16546 17130 17132
  349: 16573 17718 17753
  350: 16596 16737 16754
  351: 16658 17132 17137
  352: 16670 16981 17037
  353: 16702 17767 17788
  354: 16742 16755 16864
  355: 16770 16900 16973
  356: 16785 17700 17718
  357: 16811 17124 17130
  358: 16829 16980 16981
  359: 16830 17050 17124
  360: 16831 16884 16900
  361: 16843 17788 17808
  362: 16851 16864 16884
  363: 16888 16973 16980
  364: 16904 17330 17398
  365: 17007 17037 17050
  366: 17107 17194 17239
  367: 17108 17808 17816
  368: 17117 17149 17184
  369: 17130 17256 17290
  370: 17145 17239 17256
  371: 17171 17184 17194
  372: 17273 17290 17330
  373: 17394 17753 17767
  374: 17426 18324 18330
  375: 17478 17846 18080
  376: 17560 18248 18264
  377: 17605 18297 18324
  378: 17660 17816 17820
  379: 17714 18266 18297
  380: 17845 18080 18106
  381: 17882 18264 18266
  382: 17888 18106 18109
  383: 18000 18611 18686
  384: 18007 18324 18324
  385: 18023 18109 18217
  386: 18045 18217 18222
  387: 18097 18687 18774
  388: 18158 18222 18248
  389: 18200 18330 18488
  390: 18230 18774 18814
  391: 18263 18686 18687
  392: 18310 18589 18611
  393: 18422 18488 18488
  394: 18425 19089 19221
  395: 18476 18488 18526
  396: 18496 18526 18589
  397: 18557 19221 19237
  398: 18582 19258 19296
  399: 18675 18931 19061
  400: 18785 18814 18861
  401: 18800 18861 18931
  402: 18896 19237 19252
  403: 18919 19061 19089
  404: 18978 19252 19258
  405: 18991 19767 19771
  406: 19099 19396 19443
  407: 19125 19482 19536
  408: 19130 19652 19678
  409: 19138 19747 19755
  410: 19144 19296 19396
  411: 19210 19556 19613
  412: 19223 19613 19615
  413: 19239 19443 19482
  414: 19264 19755 19767
  415: 19269 19678 19680
  416: 19283 19615 19652
  417: 19324 19771 19781
  418: 19337 20211 20221
  419: 19391 20226 20231
  420: 19464 20162 20211
  421: 19521 19536 19556
  422: 19547 19680 19747
  423: 19598 20062 20118
  424: 19617 20118 20162
  425: 19694 19781 19793
  426: 19730 19793 19860
  427: 19748 20232 20234
  428: 19781 20221 20226
  429: 19798 19860 20055
  430: 19940 20055 20062
  431: 20022 20566 20604
  432: 20027 20231 20232
  433: 20069 20249 20272
  434: 20111 20272 20546
  435: 20179 20546 20566
  436: 20211 20234 20249
  437: 20298 20711 20739
  438: 20341 20700 20711
  439: 20436 20604 20612
  440: 20454 21471 21554
  441: 20534 20612 20700
  442: 20547 20739 20810
  443: 20671 21065 21131
  444: 20809 20810 20898
  445: 20814 20898 20906
  446: 20836 20906 20972
  447: 20890 20972 21065
  448: 21019 21282 21393
  449: 21095 21168 21282
  450: 21118 21131 21168
  451: 21209 21424 21464
  452: 21215 21415 21424
  453: 21235 21393 21415
  454: 21246 21934 22009
  455: 21380 21572 21792
  456: 21386 21464 21471
  457: 21510 21837 21934
  458: 21544 21554 21572
  459: 21574 21792 21803
  460: 21603 21803 21837
  461: 21745 22292 22342
  462: 21858 22009 22240
  463: 22001 22345 22406
  464: 22016 22342 22345
  465: 22033 22240 22258
  466: 22152 23124 23132
  467: 22175 23142 23172
  468: 22255 22258 22292
  469: 22317 22406 22456
  470: 22404 22479 22613
  471: 22435 22456 22479
  472: 22466 22968 22995
  473: 22481 22630 22732
  474: 22499 22613 22615
  475: 22522 22615 22630
  476: 22533 22995 23026
  477: 22566 23132 23142
  478: 22692 22732 22968
  479: 22831 23063 23097
  480: 22843 23026 23063
  481: 22919 23106 23124
  482: 22944 23132 23132
  483: 22954 23097 23106
  484: 23030 23552 23600
  485: 23038 23451 23460
  486: 23080 23172 23451
  487: 23121 23600 23653
  488: 23259 23460 23552
  489: 23360 24060 24105
  490: 23393 24105 24122
  491: 23523 23653 23829
  492: 23566 23996 24024
  493: 23635 23870 23980
  494: 23729 23829 23870
  495: 23790 24122 24208
  496: 23926 23980 23996
  497: 23937 24049 24060
  498: 23984 24024 24048
  499: 24023 24048 24049
SUM: 24208 24207 388.54 340.13 1742
