    0:     1     1   351
    1:   237   351   467
    2:   419   711   729
    3:   424   467   711
    4:   506  1293  1335
    5:   675   729   891
    6:   849   891  1293
    7:  1056  1335  1415
    8:  1148  1538  1619
    9:  1193  1631  1773
   10:  1306  1790  1798
   11:  1366  1415  1538
   12:  1392  1619  1631
   13:  1529  1773  1790
   14:  1639  1798  2156
   15:  1792  2224  2231
   16:  1833  2156  2224
   17:  2058  2231  2338
   18:  2268  2338  2367
   19:  2334  2367  2516
SUM: 2516 2515 357.40 231.65 787
