    0:     1     1   351
    1:   237   351   467
    2:   419   711   729
    3:   424   467   711
    4:   506  1293  1335
    5:   675   729   891
    6:   849   891  1293
    7:  1056  1335  1415
    8:  1148  1538  1619
    9:  1193  1631  1773
   10:  1306  1790  1798
   11:  1366  1415  1538
   12:  1392  1619  1631
   13:  1529  1773  1790
   14:  1639  1798  2156
   15:  1792  2224  2231
   16:  1833  2156  2224
   17:  2058  2231  2338
   18:  2268  2338  2367
   19:  2334  2382  2516
   20:  2348  2367  2382
   21:  2414  2516  2773
   22:  2447  2957  3017
   23:  2557  3017  3145
   24:  2739  2773  2957
   25:  2932  3592  3609
   26:  3024  3145  3512
   27:  3203  3649  3751
   28:  3379  3609  3649
   29:  3496  3512  3592
   30:  3643  3751  3940
   31:  3799  4143  4276
   32:  3936  3940  4143
   33:  3948  4642  4686
   34:  4158  4625  4642
   35:  4163  4276  4323
   36:  4322  4323  4625
   37:  4577  4686  4883
   38:  4796  4883  5063
   39:  4944  5063  5144
   40:  5174  5174  5282
   41:  5403  5403  5452
   42:  5519  5519  5686
   43:  5739  5739  5947
   44:  5742  5947  6023
   45:  5853  6023  6148
   46:  5988  6148  6397
   47:  6097  6397  6408
   48:  6273  6408  6593
   49:  6422  6593  6619
   50:  6651  6651  6689
   51:  6769  6769  6807
   52:  6771  6807  6846
   53:  6868  6868  7058
   54:  6870  7078  7515
   55:  6993  7058  7078
   56:  7109  7557  7710
   57:  7167  7880  8268
   58:  7193  7549  7557
   59:  7256  7515  7549
   60:  7386  7710  7880
   61:  7579  8268  8333
   62:  7822  8333  8397
   63:  7898  8397  8609
   64:  8102  8674  8760
   65:  8166  8609  8637
   66:  8322  8659  8674
   67:  8399  9189  9243
   68:  8475  8637  8659
   69:  8607  8760  9082
   70:  8824  9259  9562
   71:  8888  9082  9097
   72:  9021  9097  9189
   73:  9116  9243  9259
   74:  9292  9838  9873
   75:  9503  9562  9661
   76:  9620  9661  9838
   77:  9726  9873  9999
   78:  9965  9999 10176
   79: 10003 10176 10197
   80: 10204 10204 10357
   81: 10327 10357 10361
   82: 10395 10395 10603
   83: 10432 10603 10722
   84: 10598 10722 10767
   85: 10605 10767 10856
   86: 10822 10856 10981
   87: 11072 11072 11136
   88: 11301 11301 11326
   89: 11338 11338 11462
   90: 11368 11462 11779
   91: 11615 11779 12101
   92: 11780 12504 12563
   93: 11811 12563 12664
   94: 11871 12405 12504
   95: 11967 12101 12387
   96: 12168 12734 12834
   97: 12307 12387 12405
   98: 12526 12664 12734
   99: 12724 12834 13035
SUM: 13035 12320 349.67 226.47 790
