    0:     1     1   206
    1:    63   255   274
    2:    97   274   406
    3:   111   421   434
    4:   113   206   216
    5:   149   483   547
    6:   181   216   255
    7:   187   417   421
    8:   211   480   483
    9:   273   547   547
   10:   290   838   843
   11:   298   676   691
   12:   301   718   745
   13:   323   797   838
   14:   339   434   461
   15:   365   406   417
   16:   370   421   421
   17:   423   461   480
   18:   468   568   631
   19:   477   711   718
   20:   478   631   640
   21:   487   547   568
   22:   491   691   711
   23:   507   745   786
   24:   541   640   676
   25:   579  1035  1059
   26:   592  1086  1115
   27:   625   711   711
   28:   657  1028  1035
   29:   675  1059  1069
   30:   699  1069  1086
   31:   726   786   797
   32:   748   843   967
   33:   749   967  1003
   34:   794  1003  1028
   35:   852  1322  1333
   36:   862  1405  1428
   37:   905  1366  1394
   38:   921  1305  1320
   39:   946  1404  1405
   40:   960  1395  1404
   41:   970  1278  1284
   42:   996  1394  1395
   43:  1003  1115  1134
   44:  1016  1275  1278
   45:  1041  1292  1305
   46:  1045  1134  1275
   47:  1050  1333  1351
   48:  1069  1320  1322
   49:  1091  1404  1404
   50:  1118  1284  1287
   51:  1140  1723  1724
   52:  1158  1428  1595
   53:  1210  1691  1723
   54:  1212  1287  1292
   55:  1273  1284  1284
   56:  1288  1641  1645
   57:  1291  1645  1678
   58:  1299  1679  1684
   59:  1319  1351  1366
   60:  1357  1678  1679
   61:  1425  1617  1641
   62:  1435  1925  1931
   63:  1478  1969  2020
   64:  1486  1939  1948
   65:  1513  1961  1969
   66:  1523  1919  1925
   67:  1533  1957  1961
   68:  1554  1595  1617
   69:  1603  1684  1691
   70:  1611  1815  1840
   71:  1632  1866  1894
   72:  1646  1931  1935
   73:  1678  1935  1939
   74:  1724  1724  1815
   75:  1742  1894  1919
   76:  1758  1840  1866
   77:  1823  1969  1969
   78:  1828  1948  1957
   79:  1869  2020  2173
SUM: 2173 2172 283.04 255.89 583
