    0:     1     1    88
    1:    60    88   117
    2:   105   117   173
    3:   106   173   178
    4:   126   178   223
    5:   168   223   313
    6:   211   313   413
    7:   262   413   443
    8:   285   443   494
    9:   296   494   533
   10:   324   533   539
   11:   339   539   604
   12:   345   604   627
   13:   379   627   667
   14:   406   667   755
   15:   444   755   774
   16:   454   774   776
   17:   510   776   801
   18:   562   801   809
   19:   578   809   846
   20:   581   846   880
   21:   597   880   910
   22:   605   910   971
   23:   632   971  1003
   24:   677  1003  1050
   25:   725  1050  1071
   26:   748  1071  1095
   27:   792  1095  1155
   28:   836  1155  1181
   29:   865  1181  1195
   30:   901  1195  1203
   31:   940  1203  1287
   32:   974  1287  1320
   33:   977  1320  1335
   34:  1029  1335  1346
   35:  1030  1346  1417
   36:  1069  1417  1492
   37:  1132  1492  1556
   38:  1186  1556  1601
   39:  1223  1601  1621
   40:  1280  1621  1648
   41:  1337  1648  1660
   42:  1366  1660  1702
   43:  1421  1702  1754
   44:  1443  1754  1784
   45:  1481  1784  1796
   46:  1489  1796  1809
   47:  1498  1809  1842
   48:  1529  1842  1855
   49:  1563  1855  1890
SUM: 1890 1889 294.30 256.52 378
