    0:     1     1   351
    1:   122   403   467
    2:   195  1155  1173
    3:   196  1153  1155
    4:   222   933   975
    5:   287   351   403
    6:   355   467   933
    7:   447  1048  1055
    8:   476  1226  1259
    9:   489  1341  1413
   10:   527  1430  1438
   11:   545  1173  1178
   12:   552  1259  1271
   13:   600  1413  1430
   14:   636  1077  1080
   15:   692  1155  1155
   16:   704  1092  1148
   17:   812   975  1048
   18:   906  1055  1077
   19:   926  1213  1226
   20:   930  1080  1092
   21:   950  1438  1907
   22:   959  1178  1213
   23:   995  1271  1341
   24:  1068  1148  1153
   25:  1148  1992  2009
   26:  1177  1907  1912
   27:  1248  2121  2151
   28:  1318  2043  2049
   29:  1357  1962  1992
   30:  1410  1912  1962
   31:  1468  2202  2298
   32:  1516  2151  2165
   33:  1519  2060  2104
   34:  1613  2049  2060
   35:  1614  2301  2345
   36:  1674  2009  2043
   37:  1825  2298  2301
   38:  1927  2104  2121
   39:  1980  2165  2202
   40:  2094  2645  2694
   41:  2207  2345  2645
   42:  2246  2801  2812
   43:  2349  3467  3534
   44:  2377  2721  2725
   45:  2433  2740  2772
   46:  2443  2697  2721
   47:  2454  2812  2851
   48:  2496  2772  2801
   49:  2544  2851  2941
   50:  2603  2725  2740
   51:  2652  2941  3406
   52:  2692  2694  2697
   53:  2797  3406  3408
   54:  2801  3665  3679
   55:  2920  3584  3665
   56:  2953  3534  3541
   57:  2955  3408  3467
   58:  2964  3541  3552
   59:  2972  3679  3694
   60:  3051  3744  3810
   61:  3060  3851  3892
   62:  3078  3555  3581
   63:  3141  3810  3830
   64:  3291  3552  3555
   65:  3363  3700  3744
   66:  3450  3581  3584
   67:  3510  3581  3581
   68:  3591  3694  3697
   69:  3616  3841  3851
   70:  3623  3892  4229
   71:  3650  3697  3700
   72:  3696  4237  4297
   73:  3761  4435  4454
   74:  3828  3830  3841
   75:  3848  4319  4342
   76:  3905  4297  4319
   77:  3940  4545  4560
   78:  4027  5135  5138
   79:  4105  4454  4498
   80:  4141  4342  4354
   81:  4178  4229  4237
   82:  4286  5121  5135
   83:  4344  4354  4435
   84:  4416  4578  5062
   85:  4463  4498  4526
   86:  4485  4560  4578
   87:  4519  4526  4545
   88:  4548  5135  5135
   89:  4604  5062  5118
   90:  4606  5500  5542
   91:  4664  5354  5402
   92:  4696  5118  5121
   93:  4751  5138  5187
   94:  4773  5187  5267
   95:  4779  5461  5466
   96:  4921  5338  5354
   97:  4929  5466  5497
   98:  5007  5439  5461
   99:  5054  5267  5322
  100:  5148  5983  6015
  101:  5178  6015  6025
  102:  5187  5497  5500
  103:  5193  5322  5338
  104:  5197  5402  5439
  105:  5263  5542  5983
  106:  5334  6112  6126
  107:  5418  6025  6029
  108:  5460  6126  6164
  109:  5496  6367  6378
  110:  5604  6197  6230
  111:  5669  6378  6379
  112:  5681  6356  6364
  113:  5756  6420  6433
  114:  5815  6029  6112
  115:  5856  6164  6197
  116:  5898  6407  6420
  117:  5965  6230  6284
  118:  6060  6284  6356
  119:  6078  6379  6403
  120:  6129  6433  6940
  121:  6131  7111  7127
  122:  6158  6364  6367
  123:  6203  6403  6407
  124:  6225  6940  6968
  125:  6312  7050  7060
  126:  6368  7169  7216
  127:  6375  7351  7378
  128:  6403  7378  7399
  129:  6496  6968  6978
  130:  6513  7127  7138
  131:  6563  7347  7351
  132:  6587  7060  7111
  133:  6625  7042  7050
  134:  6636  7327  7341
  135:  6645  7341  7347
  136:  6723  7033  7042
  137:  6733  6978  7033
  138:  6736  7239  7316
  139:  6743  7138  7142
  140:  6823  7410  7428
  141:  6876  7142  7169
  142:  6913  7316  7327
  143:  6933  7399  7399
  144:  6989  7873  7893
  145:  7128  7403  7410
  146:  7171  7216  7239
  147:  7238  7399  7403
  148:  7353  7893  7931
  149:  7360  7428  7864
  150:  7361  7931  7953
  151:  7469  8140  8225
  152:  7504  8319  8791
  153:  7653  8043  8090
  154:  7735  7864  7873
  155:  7858  8107  8120
  156:  7862  8105  8107
  157:  7865  8090  8105
  158:  7887  7953  7997
  159:  7922  8305  8319
  160:  7962  7997  8043
  161:  8074  8791  8793
  162:  8076  8120  8140
  163:  8218  8225  8305
  164:  8318  8793  8811
  165:  8322  9199  9215
  166:  8348  9246  9253
  167:  8412  9192  9199
  168:  8414  9115  9116
  169:  8443  9116  9192
  170:  8530  8894  8938
  171:  8563  9215  9218
  172:  8683  8991  9018
  173:  8718  8811  8894
  174:  8818  9218  9244
  175:  8835  8938  8961
  176:  8863  9253  9658
  177:  8898  8961  8986
  178:  8984  8986  8991
  179:  9013  9018  9115
  180:  9058  9805  9814
  181:  9107  9244  9246
  182:  9140  9688  9726
  183:  9227  9814  9824
  184:  9228  9684  9688
  185:  9252  9984  9999
  186:  9300  9872  9984
  187:  9371  9824  9839
  188:  9393  9673  9684
  189:  9476  9658  9673
  190:  9487 10034 10464
  191:  9537  9839  9872
  192:  9553 10468 10473
  193:  9556 10464 10468
  194:  9599  9726  9805
  195:  9678 10478 10490
  196:  9806 10594 10627
  197:  9811 10634 10639
  198:  9875  9999 10034
  199:  9990 10717 10799
  200:  9999 10561 10571
  201: 10045 10812 10813
  202: 10051 10587 10594
  203: 10070 10641 10650
  204: 10114 10473 10478
  205: 10169 10799 10812
  206: 10180 10532 10561
  207: 10204 10650 10650
  208: 10228 10627 10634
  209: 10268 10852 10895
  210: 10368 10571 10587
  211: 10370 10813 10852
  212: 10434 10490 10494
  213: 10450 10639 10641
  214: 10452 10494 10516
  215: 10461 10516 10532
  216: 10495 10799 10799
  217: 10629 10650 10717
  218: 10632 11393 11420
  219: 10684 11456 11474
  220: 10741 11474 11482
  221: 10784 10895 10901
  222: 10854 10901 10933
  223: 10873 10933 11363
  224: 10912 11363 11393
  225: 10913 11699 11713
  226: 10929 11722 11728
  227: 10971 11482 11486
  228: 10978 11740 11781
  229: 11010 11420 11437
  230: 11017 11565 11620
  231: 11090 11713 11722
  232: 11142 11437 11456
  233: 11255 11728 11740
  234: 11278 11486 11565
  235: 11294 11781 12272
  236: 11413 11631 11699
  237: 11535 11620 11631
  238: 11616 12294 12388
  239: 11703 12388 12431
  240: 11735 12699 12707
  241: 11744 12628 12629
  242: 11811 12569 12628
  243: 11816 12690 12699
  244: 11875 12546 12547
  245: 11883 12629 12675
  246: 11895 12707 12731
  247: 11951 12675 12690
  248: 11966 12553 12560
  249: 12031 12567 12569
  250: 12038 12731 12766
  251: 12087 12272 12294
  252: 12164 12431 12546
  253: 12232 12560 12567
  254: 12309 12547 12553
  255: 12418 13301 13344
  256: 12447 13246 13260
  257: 12567 13295 13301
  258: 12642 12766 13246
  259: 12788 13442 13454
  260: 12835 13274 13295
  261: 12850 13547 13630
  262: 12852 13670 13686
  263: 12903 13344 13372
  264: 12937 13372 13397
  265: 13036 13527 13529
  266: 13056 13454 13471
  267: 13110 13260 13274
  268: 13111 13409 13419
  269: 13170 13630 13639
  270: 13290 13471 13527
  271: 13292 13397 13409
  272: 13347 13686 13725
  273: 13384 13419 13442
  274: 13420 13639 13670
  275: 13468 13529 13547
  276: 13474 14411 14412
  277: 13531 13725 14219
  278: 13657 14456 14459
  279: 13679 14598 14637
  280: 13683 14532 14545
  281: 13703 14545 14581
  282: 13772 14358 14382
  283: 13777 14412 14429
  284: 13784 14219 14229
  285: 13794 14407 14411
  286: 13850 14283 14286
  287: 13952 14248 14255
  288: 13961 14382 14407
  289: 14085 14581 14598
  290: 14088 14255 14283
  291: 14146 14229 14248
  292: 14154 14528 14532
  293: 14196 14429 14456
  294: 14228 14478 14528
  295: 14234 14598 14598
  296: 14255 14640 14653
  297: 14259 14429 14429
  298: 14276 14286 14321
  299: 14308 14321 14358
  300: 14333 14637 14640
  301: 14453 14459 14478
  302: 14518 14653 15082
  303: 14575 15083 15120
  304: 14707 15280 15285
  305: 14712 15082 15083
  306: 14754 15423 15463
  307: 14759 15408 15423
  308: 14785 15392 15395
  309: 14794 15463 15497
  310: 14809 15120 15213
  311: 14855 15296 15365
  312: 14862 15395 15408
  313: 15008 15213 15280
  314: 15104 15285 15296
  315: 15164 16028 16029
  316: 15181 15383 15392
  317: 15253 15497 15576
  318: 15307 16103 16122
  319: 15311 15365 15383
  320: 15400 15576 15993
  321: 15452 16068 16103
  322: 15570 16230 16272
  323: 15574 16031 16068
  324: 15597 16018 16022
  325: 15605 16160 16207
  326: 15642 16275 16277
  327: 15651 16207 16230
  328: 15677 16970 16978
  329: 15679 16029 16031
  330: 15726 16272 16275
  331: 15761 16277 16343
  332: 15784 16022 16028
  333: 15873 16393 16411
  334: 15929 16343 16373
  335: 15976 16122 16160
  336: 15980 15993 16018
  337: 16080 16411 16909
  338: 16198 16373 16393
  339: 16220 17040 17043
  340: 16230 17136 17145
  341: 16325 17218 17249
  342: 16337 16909 16912
  343: 16357 17197 17198
  344: 16367 17058 17078
  345: 16452 17261 17287
  346: 16455 17043 17058
  347: 16504 17078 17111
  348: 16546 17123 17128
  349: 16573 16978 17005
  350: 16596 17360 17406
  351: 16658 17111 17123
  352: 16670 17146 17197
  353: 16702 16950 16970
  354: 16742 17292 17298
  355: 16770 17254 17261
  356: 16785 17005 17040
  357: 16811 17128 17130
  358: 16829 17252 17253
  359: 16830 17130 17136
  360: 16831 17318 17334
  361: 16843 16912 16950
  362: 16851 17298 17318
  363: 16888 17253 17254
  364: 16904 17334 17360
  365: 17007 17201 17210
  366: 17107 17198 17201
  367: 17108 17406 17870
  368: 17117 17145 17146
  369: 17130 17249 17252
  370: 17145 17210 17218
  371: 17171 18074 18084
  372: 17273 17287 17292
  373: 17394 17870 17919
  374: 17426 18318 18324
  375: 17478 17919 18074
  376: 17560 18242 18258
  377: 17605 18291 18318
  378: 17660 18808 18834
  379: 17714 18260 18291
  380: 17845 18084 18100
  381: 17882 18258 18260
  382: 17888 18100 18103
  383: 18000 18935 18936
  384: 18007 18318 18318
  385: 18023 18103 18211
  386: 18045 18211 18216
  387: 18097 18834 18848
  388: 18158 18216 18242
  389: 18200 19096 19134
  390: 18230 18324 18808
  391: 18263 18925 18935
  392: 18310 18936 19011
  393: 18422 19134 19134
  394: 18425 19143 19215
  395: 18476 19083 19096
  396: 18496 19011 19033
  397: 18557 19215 19231
  398: 18582 19252 19290
  399: 18675 19033 19055
  400: 18785 18848 18855
  401: 18800 18855 18925
  402: 18896 19231 19246
  403: 18919 19055 19083
  404: 18978 19246 19252
  405: 18991 19290 19725
  406: 19099 19134 19143
  407: 19125 19883 19920
  408: 19130 19816 19818
  409: 19138 19729 19741
  410: 19144 20058 20060
  411: 19210 19881 19883
  412: 19223 19844 19881
  413: 19239 19965 19974
  414: 19264 19725 19729
  415: 19269 19770 19816
  416: 19283 19818 19844
  417: 19324 20633 20645
  418: 19337 20107 20117
  419: 19391 20122 20127
  420: 19464 20060 20107
  421: 19521 19920 19940
  422: 19547 19741 19749
  423: 19598 19974 20014
  424: 19617 20014 20058
  425: 19694 20168 20633
  426: 19730 19749 19770
  427: 19748 20128 20130
  428: 19781 20117 20122
  429: 19798 19958 19965
  430: 19940 19940 19958
  431: 20022 20758 20766
  432: 20027 20127 20128
  433: 20069 20130 20168
  434: 20111 20804 20824
  435: 20179 20766 20804
  436: 20211 21074 21075
  437: 20298 20876 20885
  438: 20341 20846 20857
  439: 20436 20645 20758
  440: 20454 20956 21074
  441: 20534 20824 20846
  442: 20547 20885 20956
  443: 20671 21075 21499
  444: 20809 20857 20868
  445: 20814 20868 20876
  446: 20836 21650 21658
  447: 20890 21536 21565
  448: 21019 21707 21761
  449: 21095 21610 21650
  450: 21118 21535 21536
  451: 21209 21792 21832
  452: 21215 21783 21792
  453: 21235 21761 21783
  454: 21246 21499 21535
  455: 21380 21673 21684
  456: 21386 21832 21839
  457: 21510 21565 21610
  458: 21544 21839 21904
  459: 21574 21658 21673
  460: 21603 21684 21707
  461: 21745 21832 21832
  462: 21858 21904 22042
  463: 22001 22111 22172
  464: 22016 22042 22111
  465: 22033 22724 22800
  466: 22152 22172 22560
  467: 22175 22998 23476
  468: 22255 22800 22834
  469: 22317 22975 22998
  470: 22404 22834 22841
  471: 22435 22960 22975
  472: 22466 22666 22697
  473: 22481 22858 22960
  474: 22499 22841 22843
  475: 22522 22843 22858
  476: 22533 22560 22666
  477: 22566 23476 23506
  478: 22692 22697 22724
  479: 22831 23542 23551
  480: 22843 23570 23585
  481: 22919 23516 23524
  482: 22944 23506 23516
  483: 22954 23524 23542
  484: 23030 23856 23904
  485: 23038 23755 23764
  486: 23080 23712 23755
  487: 23121 23904 23957
  488: 23259 23822 23856
  489: 23360 23585 23587
  490: 23393 23551 23570
  491: 23523 23764 23781
  492: 23566 23587 23668
  493: 23635 23668 23712
  494: 23729 23781 23822
  495: 23790 23957 24430
  496: 23926 24590 24642
  497: 23937 24430 24578
  498: 23984 24589 24590
  499: 24023 24578 24589
SUM: 24642 24641 502.18 452.90 1309
