    0:     1     1   686
    1:   208   787   911
    2:   323  1495  1505
    3:   325  1505  1540
    4:   364  1749  1893
    5:   465   686   787
    6:   571  1905  1974
    7:   719  1693  1736
    8:   764  1314  1337
    9:   784   911   940
   10:   841   940   988
   11:   868  1337  1495
   12:   879  1003  1314
   13:   953   988  1003
   14:  1008  1664  1688
   15:  1095  1540  1542
   16:  1113  1542  1555
   17:  1292  1736  1749
   18:  1443  1688  1693
   19:  1473  2521  2546
   20:  1478  1555  1664
   21:  1508  1895  1905
   22:  1522  2428  2520
   23:  1577  2547  2770
   24:  1692  2321  2404
   25:  1819  1974  2242
   26:  1863  1893  1895
   27:  1974  2520  2521
   28:  2083  2242  2321
   29:  2143  3488  3589
   30:  2225  3589  3646
   31:  2315  2770  2807
   32:  2389  2546  2547
   33:  2394  2404  2428
   34:  2546  2899  3455
   35:  2548  2807  2899
   36:  2640  3455  3488
   37:  2933  4134  4307
   38:  3100  3904  3956
   39:  3182  3956  4115
   40:  3373  3876  3904
   41:  3562  3646  3807
   42:  3621  4120  4134
   43:  3790  4706  4887
   44:  3791  3807  3876
   45:  3847  4115  4120
   46:  3919  4958  4980
   47:  3974  4887  4958
   48:  4083  4548  4598
   49:  4167  4307  4548
   50:  4357  5792  5795
   51:  4418  5694  5722
   52:  4478  4598  4706
   53:  4652  5018  5134
   54:  4658  5638  5665
   55:  4861  5472  5638
   56:  4911  5134  5396
   57:  4914  4980  5018
   58:  4928  5396  5417
   59:  4941  5665  5694
   60:  5066  5795  5920
   61:  5080  5959  6081
   62:  5108  5417  5472
   63:  5206  5920  5959
   64:  5497  6688  6739
   65:  5610  5722  5792
   66:  5749  6608  6683
   67:  5841  6683  6688
   68:  5969  6457  6463
   69:  6006  6081  6161
   70:  6016  6739  6739
   71:  6057  6161  6457
   72:  6127  6563  6608
   73:  6228  6855  7410
   74:  6333  7495  7529
   75:  6364  6463  6519
   76:  6451  6519  6563
   77:  6505  7529  7618
   78:  6645  6739  6855
   79:  6768  7410  7495
SUM: 7618 7617 660.23 565.01 1435
