    0:     1     1   351
    1:    80   368   467
    2:   120  1244  1251
    3:   136  1200  1204
    4:   138   351   368
    5:   181  1011  1012
    6:   218   506  1011
    7:   271  1132  1133
    8:   286  1312  1337
    9:   292   467   481
   10:   312   498   506
   11:   321  1251  1256
   12:   324  1341  1349
   13:   349   481   498
   14:   368  1155  1158
   15:   398  1231  1233
   16:   404  1204  1226
   17:   470  1102  1126
   18:   525  1149  1155
   19:   535  1291  1304
   20:   537  1158  1170
   21:   547  1012  1047
   22:   551  1276  1291
   23:   570  1391  1419
   24:   610  1226  1231
   25:   655  1133  1149
   26:   670  1047  1052
   27:   709  1291  1291
   28:   747  1170  1189
   29:   767  1126  1132
   30:   795  1052  1102
   31:   826  1419  1438
   32:   852  1304  1305
   33:   853  1233  1244
   34:   908  1189  1200
   35:   982  1349  1359
   36:   993  1482  1521
   37:  1045  1438  1464
   38:  1064  1337  1337
   39:  1093  1481  1482
   40:  1109  1466  1480
   41:  1120  1265  1276
   42:  1151  1464  1466
   43:  1159  2028  2029
   44:  1173  1261  1265
   45:  1203  1305  1312
   46:  1208  1256  1261
   47:  1213  1359  1391
   48:  1235  1337  1341
   49:  1261  1480  1481
   50:  1292  2288  2290
   51:  1318  1521  2026
   52:  1339  2243  2247
   53:  1403  2026  2028
   54:  1405  2290  2299
   55:  1482  2265  2285
   56:  1499  2087  2161
   57:  1500  2029  2087
   58:  1505  2161  2172
   59:  1509  2300  2314
   60:  1553  2400  2430
   61:  1558  2506  2512
   62:  1567  2175  2201
   63:  1601  2444  2450
   64:  1764  2172  2175
   65:  1804  2320  2364
   66:  1854  2201  2204
   67:  1886  2201  2201
   68:  1931  2314  2317
   69:  1944  2461  2471
   70:  1947  2175  2175
   71:  1961  2317  2320
   72:  1985  2204  2243
   73:  2020  2381  2400
   74:  2057  2450  2461
   75:  2067  2285  2288
   76:  2097  2247  2265
   77:  2115  2491  2506
   78:  2165  3081  3084
   79:  2209  2430  2444
   80:  2228  2299  2300
   81:  2247  3133  3151
   82:  2313  3067  3081
   83:  2344  2364  2381
   84:  2384  2524  3008
   85:  2409  2471  2472
   86:  2420  2520  2524
   87:  2437  2472  2491
   88:  2452  3081  3081
   89:  2482  3008  3064
   90:  2483  2512  2520
   91:  2514  3300  3348
   92:  2531  3064  3067
   93:  2560  3084  3133
   94:  2571  3151  3213
   95:  2574  3407  3412
   96:  2689  3268  3300
   97:  2693  3412  3443
   98:  2737  3348  3407
   99:  2762  3213  3268
SUM: 3443 3442 527.33 492.91 1124
