    0:     1     1   176
    1:    70   184   234
    2:   106   250   347
    3:   120   364   375
    4:   122   176   184
    5:   160   609   627
    6:   193   234   250
    7:   199   349   364
    8:   224   398   416
    9:   293   627   627
   10:   310  1271  1275
   11:   318   347   349
   12:   321   773   796
   13:   344  1258  1271
   14:   361   375   398
   15:   388   468   472
   16:   393   416   468
   17:   451   472   526
   18:   499   526   541
   19:   508   767   773
   20:   509   541   548
   21:   518   548   609
   22:   522   737   767
   23:   539  1213  1227
   24:   575   716   737
   25:   615   627   696
   26:   628   920   945
   27:   662   767   767
   28:   696   696   716
   29:   714   871   905
   30:   739   905   920
   31:   767  1227  1236
   32:   790   796   818
   33:   791   818   849
   34:   839   849   871
   35:   903   945  1099
   36:   913  1275  1278
   37:   959  1236  1249
   38:   976  1099  1110
   39:  1002  1257  1258
   40:  1016  1250  1257
   41:  1026  1123  1141
   42:  1053  1249  1250
   43:  1060  1278  1529
   44:  1073  1141  1146
   45:  1099  1110  1123
   46:  1103  1146  1148
   47:  1108  1188  1213
   48:  1128  1148  1188
   49:  1151  1258  1258
SUM: 1529 1528 209.44 178.88 961
