    0:     1     1   206
    1:    63   206   274
    2:    97   274   406
    3:   111   406   434
    4:   113   434   536
    5:   149   536   751
    6:   181   751  1005
    7:   187  1005  1133
    8:   211  1133  1195
    9:   273  1195  1259
   10:   290  1259  1555
   11:   298  1555  1707
   12:   301  1707  1761
   13:   323  1761  1854
   14:   339  1854  2059
   15:   365  2059  2103
   16:   370  2103  2107
   17:   423  2107  2166
   18:   468  2166  2183
   19:   477  2183  2270
   20:   478  2270  2348
   21:   487  2348  2420
   22:   491  2420  2563
   23:   507  2563  2638
   24:   541  2638  2748
   25:   579  2748  2797
   26:   592  2797  2853
   27:   625  2853  2993
   28:   657  2993  3053
   29:   675  3053  3087
   30:   699  3087  3104
   31:   726  3104  3301
   32:   748  3301  3379
   33:   749  3379  3415
   34:   794  3415  3440
   35:   852  3440  3533
   36:   862  3533  3628
   37:   905  3628  3662
   38:   921  3662  3736
   39:   946  3736  3821
   40:   960  3821  3822
   41:   970  3822  3942
   42:   996  3942  4053
   43:  1003  4053  4314
   44:  1016  4314  4458
   45:  1041  4458  4485
   46:  1045  4485  4515
   47:  1050  4515  4591
   48:  1069  4591  4620
   49:  1091  4620  4702
   50:  1118  4702  4819
   51:  1140  4819  4974
   52:  1158  4974  5103
   53:  1210  5103  5231
   54:  1212  5231  5390
   55:  1273  5390  5398
   56:  1288  5398  5471
   57:  1291  5471  5504
   58:  1299  5504  5510
   59:  1319  5510  5704
   60:  1357  5704  5893
   61:  1425  5893  5931
   62:  1435  5931  6055
   63:  1478  6055  6144
   64:  1486  6144  6216
   65:  1513  6216  6237
   66:  1523  6237  6281
   67:  1533  6281  6317
   68:  1554  6317  6447
   69:  1603  6447  6521
   70:  1611  6521  6604
   71:  1632  6604  6658
   72:  1646  6658  6699
   73:  1678  6699  6703
   74:  1724  6703  6827
   75:  1742  6827  6931
   76:  1758  6931  6984
   77:  1823  6984  7087
   78:  1828  7087  7099
   79:  1869  7099  7189
SUM: 7189 7188 3040.89 2951.04 5259
