    0:     1     1   686
    1:   208   787   911
    2:   323  2428  2443
    3:   325  2406  2408
    4:   364  2053  2055
    5:   465   686   787
    6:   571   988  1974
    7:   719  2209  2212
    8:   764  2547  2611
    9:   784   911   940
   10:   841   940   988
   11:   868  2443  2453
   12:   879  2611  2634
   13:   953  2899  2945
   14:  1008  2255  2260
   15:  1095  2404  2406
   16:  1113  2321  2393
   17:  1292  2055  2199
   18:  1443  2242  2255
   19:  1473  2521  2546
   20:  1478  2260  2284
   21:  1508  1974  2043
   22:  1522  2453  2520
   23:  1577  2634  2770
   24:  1692  2393  2404
   25:  1819  2212  2242
   26:  1863  2043  2053
   27:  1974  2520  2521
   28:  2083  2284  2321
   29:  2143  2199  2209
   30:  2225  2945  3738
   31:  2315  2770  2807
   32:  2389  2546  2547
   33:  2394  2408  2428
   34:  2546  3899  3929
   35:  2548  2807  2899
   36:  2640  3738  3896
   37:  2933  4226  4399
   38:  3100  3996  4048
   39:  3182  4048  4207
   40:  3373  3968  3996
   41:  3562  3896  3899
   42:  3621  4212  4226
   43:  3790  5094  5165
   44:  3791  3929  3968
   45:  3847  4207  4212
   46:  3919  4399  5072
   47:  3974  5072  5094
   48:  4083  5449  5454
   49:  4167  5478  5504
   50:  4357  5506  5579
   51:  4418  5504  5506
   52:  4478  5256  5346
   53:  4652  5865  6812
   54:  4658  5422  5449
   55:  4861  5346  5422
   56:  4911  5165  5180
   57:  4914  6812  6928
   58:  4928  5180  5201
   59:  4941  5454  5478
   60:  5066  5579  5704
   61:  5080  5743  5865
   62:  5108  5201  5256
   63:  5206  5704  5743
   64:  5497  6985  7101
   65:  5610  7383  7470
   66:  5749  7152  7157
   67:  5841  7101  7152
   68:  5969  7321  7377
   69:  6006  7659  7679
   70:  6016  7101  7101
   71:  6057  7377  7383
   72:  6127  7157  7232
   73:  6228  7470  7540
   74:  6333  7625  7659
   75:  6364  7277  7321
   76:  6451  7232  7277
   77:  6505  7679  7748
   78:  6645  6928  6985
   79:  6768  7540  7625
SUM: 7748 7747 986.83 889.99 2105
