    0:     1     1   206
    1:    63   255   274
    2:    97   274   406
    3:   111   427   440
    4:   113   206   216
    5:   149  1296  1299
    6:   181   216   255
    7:   187   423   427
    8:   211   486   489
    9:   273  1299  1299
   10:   290   716   721
   11:   298   406   409
   12:   301   596   623
   13:   323   664   716
   14:   339   440   467
   15:   365   409   423
   16:   370   427   427
   17:   423   467   486
   18:   468   489   509
   19:   477   589   596
   20:   478   509   518
   21:   487  1275  1278
   22:   491   518   589
   23:   507   623   664
   24:   541  1167  1170
   25:   579  1195  1219
   26:   592  1246  1275
   27:   625   721   853
   28:   657  1188  1195
   29:   675  1219  1229
   30:   699  1229  1246
   31:   726   893   939
   32:   748   853   861
   33:   749  1153  1163
   34:   794  1170  1188
   35:   852   861   893
   36:   862   966   990
   37:   905   939   954
   38:   921   990  1098
   39:   946   954   965
   40:   960   965   966
   41:   970  1117  1138
   42:   996  1615  1633
   43:  1003  1278  1294
   44:  1016  1141  1150
   45:  1041  1100  1117
   46:  1045  1150  1153
   47:  1050  1577  1589
   48:  1069  1098  1100
   49:  1091  1633  1642
   50:  1118  1138  1141
   51:  1140  1295  1296
   52:  1158  1163  1167
   53:  1210  1294  1295
   54:  1212  1522  1530
   55:  1273  1415  1522
   56:  1288  1348  1381
   57:  1291  1342  1348
   58:  1299  1299  1342
   59:  1319  1594  1604
   60:  1357  1381  1415
   61:  1425  1879  1887
   62:  1435  1571  1577
   63:  1478  1642  1666
   64:  1486  1589  1594
   65:  1513  1607  1615
   66:  1523  1530  1571
   67:  1533  1604  1607
   68:  1554  1854  1863
   69:  1603  1887  1937
   70:  1611  1828  1854
   71:  1632  1775  1800
   72:  1646  1666  1751
   73:  1678  1751  1755
   74:  1724  1863  1879
   75:  1742  1755  1775
   76:  1758  1800  1828
   77:  1823  2137  2149
   78:  1828  2047  2137
   79:  1869  1937  2047
SUM: 2149 2148 243.11 216.26 1147
