    0:     1     1   686
    1:   208   686   911
    2:   323   911  1351
    3:   325  1351  1386
    4:   364  1386  1739
    5:   465  1739  2443
    6:   571  2443  3228
    7:   719  3228  3466
    8:   764  3466  3865
    9:   784  3865  4166
   10:   841  4166  4214
   11:   868  4214  4721
   12:   879  4721  4902
   13:   953  4902  5213
   14:  1008  5213  5898
   15:  1095  5898  6044
   16:  1113  6044  6057
   17:  1292  6057  6251
   18:  1443  6251  6307
   19:  1473  6307  6598
   20:  1478  6598  6860
   21:  1508  6860  7101
   22:  1522  7101  7578
   23:  1577  7578  7828
   24:  1692  7828  8194
   25:  1819  8194  8356
   26:  1863  8356  8545
   27:  1974  8545  9013
   28:  2083  9013  9213
   29:  2143  9213  9325
   30:  2225  9325  9382
   31:  2315  9382 10037
   32:  2389 10037 10297
   33:  2394 10297 10416
   34:  2546 10416 10501
   35:  2548 10501 11057
   36:  2640 11057 11646
   37:  2933 11646 12149
   38:  3100 12149 12500
   39:  3182 12500 12659
   40:  3373 12659 12870
   41:  3562 12870 12967
   42:  3621 12967 13294
   43:  3790 13294 13701
   44:  3791 13701 13850
   45:  3847 13850 14094
   46:  3919 14094 14580
   47:  3974 14580 14602
   48:  4083 14602 14962
   49:  4167 14962 15012
   50:  4357 15012 15087
   51:  4418 15087 15160
   52:  4478 15160 15320
   53:  4652 15320 15748
   54:  4658 15748 16279
   55:  4861 16279 16306
   56:  4911 16306 16548
   57:  4914 16548 16694
   58:  4928 16694 16861
   59:  4941 16861 17138
   60:  5066 17138 17364
   61:  5080 17364 17525
   62:  5108 17525 18134
   63:  5206 18134 18621
   64:  5497 18621 19157
   65:  5610 19157 19526
   66:  5749 19526 19839
   67:  5841 19839 19844
   68:  5969 19844 20069
   69:  6006 20069 20371
   70:  6016 20371 20949
   71:  6057 20949 21231
   72:  6127 21231 21382
   73:  6228 21382 21690
   74:  6333 21690 21809
   75:  6364 21809 22147
   76:  6451 22147 22191
   77:  6505 22191 22662
   78:  6645 22662 23425
   79:  6768 23425 24065
SUM: 24065 24064 9023.58 8722.77 16657
