    0:     1     1   351
    1:   237   351   467
    2:   419   467   693
    3:   424   693   711
    4:   506   711   891
    5:   675   891  1251
    6:   849  1687  1809
    7:  1056  1483  1687
    8:  1148  1329  1483
    9:  1193  1251  1329
   10:  1306  2306  2314
   11:  1366  2031  2054
   12:  1392  2054  2147
   13:  1529  2147  2306
   14:  1639  1809  1956
   15:  1792  1956  2031
   16:  1833  2314  2604
   17:  2058  2675  2704
   18:  2268  2604  2675
   19:  2334  3027  3040
   20:  2348  2783  2906
   21:  2414  2704  2783
   22:  2447  2906  3027
   23:  2557  3040  3155
   24:  2739  3155  3343
   25:  2932  3343  3425
   26:  3024  3425  3522
   27:  3203  3659  3761
   28:  3379  3602  3659
   29:  3496  3522  3602
   30:  3643  3761  3950
   31:  3799  4153  4286
   32:  3936  4092  4153
   33:  3948  3950  4092
   34:  4158  4333  4618
   35:  4163  4286  4333
   36:  4322  4618  4635
   37:  4577  4635  4893
   38:  4796  4893  5073
   39:  4944  5073  5154
   40:  5174  5174  5282
   41:  5403  5403  5452
   42:  5519  5519  5686
   43:  5739  5739  5947
   44:  5742  5947  6023
   45:  5853  6023  6148
   46:  5988  6386  6397
   47:  6097  6148  6386
   48:  6273  6397  6593
   49:  6422  6593  6619
   50:  6651  6651  6689
   51:  6769  6769  6807
   52:  6771  6807  6846
   53:  6868  6868  7058
   54:  6870  7078  7515
   55:  6993  7058  7078
   56:  7109  7603  7756
   57:  7167  7515  7538
   58:  7193  7595  7603
   59:  7256  7538  7595
   60:  7386  7756  7926
   61:  7579  8185  8249
   62:  7822  7973  8185
   63:  7898  7926  7973
   64:  8102  8553  8676
   65:  8166  8249  8553
   66:  8322  8676  8762
   67:  8399  8777  8837
   68:  8475  8762  8777
   69:  8607  8837  8998
   70:  8824  8998  9124
   71:  8888  9124  9265
   72:  9021  9265  9357
   73:  9116  9357  9427
   74:  9292  9427  9435
   75:  9503  9503  9715
   76:  9620  9715  9892
   77:  9726  9892  9983
   78:  9965  9983 10160
   79: 10003 10160 10181
   80: 10204 10204 10357
   81: 10327 10357 10361
   82: 10395 10395 10603
   83: 10432 10677 10722
   84: 10598 10603 10677
   85: 10605 10722 10766
   86: 10822 10822 10947
   87: 11072 11072 11136
   88: 11301 11301 11326
   89: 11338 11338 11462
   90: 11368 11462 11779
   91: 11615 11779 12101
   92: 11780 12110 12211
   93: 11811 12101 12110
   94: 11871 12211 12270
   95: 11967 12270 12387
   96: 12168 12405 12834
   97: 12307 12387 12405
   98: 12526 12834 12934
   99: 12724 12934 13035
SUM: 13035 12156 351.37 229.81 1000
