    0:     1     1   351
    1:   237   351   467
    2:   419   467   693
    3:   424   693   711
    4:   506   711   891
    5:   675   933  1335
    6:   849   891   933
    7:  1056  1796  1821
    8:  1148  1605  1617
    9:  1193  1335  1413
   10:  1306  1413  1438
   11:  1366  1617  1698
   12:  1392  1438  1605
   13:  1529  1921  2196
   14:  1639  1698  1796
   15:  1792  1821  1921
   16:  1833  2196  2478
   17:  2058  2549  2578
   18:  2268  2534  2549
   19:  2334  2901  2914
   20:  2348  2478  2534
   21:  2414  2578  2657
   22:  2447  2657  2901
   23:  2557  2914  3029
   24:  2739  3029  3217
   25:  2932  3217  3299
   26:  3024  3299  3396
   27:  3203  3533  3635
   28:  3379  3396  3533
   29:  3496  3635  3794
   30:  3643  3794  3824
   31:  3799  3824  4160
   32:  3936  4160  4293
   33:  3948  4293  4354
   34:  4158  4354  4398
   35:  4163  4415  4717
   36:  4322  4398  4415
   37:  4577  4717  4761
   38:  4796  4796  4976
   39:  4944  4976  5057
   40:  5174  5174  5282
   41:  5403  5403  5452
   42:  5519  5519  5686
   43:  5739  5739  5947
   44:  5742  5947  6023
   45:  5853  6023  6148
   46:  5988  6386  6397
   47:  6097  6148  6386
   48:  6273  6397  6593
   49:  6422  6593  6619
   50:  6651  6651  6689
   51:  6769  6769  6807
   52:  6771  6807  6846
   53:  6868  6868  7058
   54:  6870  7078  7515
   55:  6993  7058  7078
   56:  7109  7603  7756
   57:  7167  7515  7538
   58:  7193  7595  7603
   59:  7256  7538  7595
   60:  7386  7756  7926
   61:  7579  7603  7603
   62:  7822  7973  8185
   63:  7898  7926  7973
   64:  8102  8462  8548
   65:  8166  8185  8425
   66:  8322  8425  8462
   67:  8399  8649  8709
   68:  8475  8548  8649
   69:  8607  8709  8870
   70:  8824  8870  8996
   71:  8888  8996  9137
   72:  9021  9137  9229
   73:  9116  9229  9299
   74:  9292  9299  9307
   75:  9503  9503  9715
   76:  9620  9715  9892
   77:  9726  9892  9983
   78:  9965  9983 10160
   79: 10003 10160 10181
   80: 10204 10204 10357
   81: 10327 10357 10361
   82: 10395 10395 10603
   83: 10432 10677 10722
   84: 10598 10603 10677
   85: 10605 10722 10766
   86: 10822 10822 10947
   87: 11072 11072 11136
   88: 11301 11301 11326
   89: 11338 11338 11462
   90: 11368 11462 11779
   91: 11615 11779 12101
   92: 11780 12110 12211
   93: 11811 12101 12110
   94: 11871 12211 12270
   95: 11967 12270 12387
   96: 12168 12405 12834
   97: 12307 12387 12405
   98: 12526 12834 12934
   99: 12724 12934 13035
SUM: 13035 11896 283.93 164.97 740
