    0:     1     1   176
    1:    70   184   234
    2:   106   250   347
    3:   120   360   371
    4:   122   176   184
    5:   160   412   467
    6:   193   234   250
    7:   199   347   360
    8:   224   394   412
    9:   293   467   467
   10:   310   715   719
   11:   318   578   589
   12:   321   613   636
   13:   344   671   715
   14:   361   371   394
   15:   388   574   578
   16:   393   546   574
   17:   451   467   524
   18:   499   524   539
   19:   508   607   613
   20:   509   539   546
   21:   518   951   953
   22:   522   589   607
   23:   539   636   671
   24:   575   855   861
   25:   615   882   902
   26:   628   926   951
   27:   662   719   831
   28:   696   877   882
   29:   714   902   911
   30:   739   911   926
   31:   767  1125  1148
   32:   790   953  1082
   33:   791   831   855
   34:   839   861   877
   35:   903  1098  1109
   36:   913  1170  1190
   37:   959  1148  1161
   38:   976  1082  1098
   39:  1002  1169  1170
   40:  1016  1162  1169
   41:  1026  1295  1313
   42:  1053  1161  1162
   43:  1060  1320  1441
   44:  1073  1313  1318
   45:  1099  1280  1295
   46:  1103  1318  1320
   47:  1108  1109  1125
   48:  1128  1190  1280
   49:  1151  1170  1170
SUM: 1441 1440 192.36 163.56 433
