    0:     1     1   351
    1:   237   351   467
    2:   419   467   693
    3:   424   693   711
    4:   506   711   891
    5:   675   891  1251
    6:   849  1251  1653
    7:  1056  1653  1775
    8:  1148  1775  1979
    9:  1193  1979  2133
   10:  1306  2133  2158
   11:  1366  2158  2418
   12:  1392  2418  2511
   13:  1529  2511  2670
   14:  1639  2670  3020
   15:  1792  3020  3095
   16:  1833  3095  3102
   17:  2058  3102  3202
   18:  2268  3202  3231
   19:  2334  3231  3380
   20:  2348  3380  3514
   21:  2414  3514  3637
   22:  2447  3637  3881
   23:  2557  3881  4009
   24:  2739  4009  4197
   25:  2932  4197  4279
   26:  3024  4279  4376
   27:  3203  4376  4615
   28:  3379  4615  4717
   29:  3496  4717  4774
   30:  3643  4774  4804
   31:  3799  4804  5140
   32:  3936  5140  5273
   33:  3948  5273  5334
   34:  4158  5334  5378
   35:  4163  5378  5663
   36:  4322  5663  5965
   37:  4577  5965  6223
   38:  4796  6223  6403
   39:  4944  6403  6484
   40:  5174  6484  6592
   41:  5403  6592  6641
   42:  5519  6641  6808
   43:  5739  6808  7016
   44:  5742  7016  7092
   45:  5853  7092  7217
   46:  5988  7217  7466
   47:  6097  7466  7477
   48:  6273  7477  7662
   49:  6422  7662  7688
   50:  6651  7688  7726
   51:  6769  7726  7764
   52:  6771  7764  7803
   53:  6868  7803  7993
   54:  6870  7993  8410
   55:  6993  8410  8847
   56:  7109  8847  9089
   57:  7167  9089  9307
   58:  7193  9307  9372
   59:  7256  9372  9380
   60:  7386  9380  9711
   61:  7579  9711 10034
   62:  7822 10034 10098
   63:  7898 10098 10310
   64:  8102 10310 10461
   65:  8166 10461 10584
   66:  8322 10584 10621
   67:  8399 10621 10696
   68:  8475 10696 10756
   69:  8607 10756 10977
   70:  8824 10977 11103
   71:  8888 11103 11244
   72:  9021 11244 11336
   73:  9116 11336 11406
   74:  9292 11406 11414
   75:  9503 11414 11626
   76:  9620 11626 11803
   77:  9726 11803 11894
   78:  9965 11894 12071
   79: 10003 12071 12092
   80: 10204 12092 12245
   81: 10327 12245 12249
   82: 10395 12249 12457
   83: 10432 12457 12576
   84: 10598 12576 12621
   85: 10605 12621 12710
   86: 10822 12710 12835
   87: 11072 12835 12899
   88: 11301 12899 12924
   89: 11338 12924 13048
   90: 11368 13048 13365
   91: 11615 13365 13687
   92: 11780 13687 13797
   93: 11811 13797 13898
   94: 11871 13898 14058
   95: 11967 14058 14175
   96: 12168 14175 14622
   97: 12307 14622 15051
   98: 12526 15051 15380
   99: 12724 15380 15481
SUM: 15481 15480 1623.70 1468.90 2656
