    0:     1     1   176
    1:   108   176   234
    2:   176   234   347
    3:   177   347   356
    4:   202   356   446
    5:   263   446   626
    6:   327   626   827
    7:   411   827   888
    8:   440   888   990
    9:   453   990  1067
   10:   489  1067  1079
   11:   506  1079  1209
   12:   513  1209  1256
   13:   559  1256  1335
   14:   594  1335  1510
   15:   647  1510  1548
   16:   659  1548  1552
   17:   756  1552  1602
   18:   842  1602  1617
   19:   861  1617  1691
SUM: 1691 1690 568.60 484.10 889
