    0:     1     1   351
    1:    80   351   467
    2:   120   467   693
    3:   136   693   740
    4:   138   740   914
    5:   181   914  1280
    6:   218  1280  1281
    7:   271  1281  1403
    8:   286  1403  1607
    9:   292  1607  1761
   10:   312  1761  1786
   11:   321  1786  2046
   12:   324  2046  2139
   13:   349  2139  2298
   14:   368  2298  2648
   15:   398  2648  2723
   16:   404  2723  2730
   17:   470  2730  2830
   18:   525  2830  2859
   19:   535  2859  3008
   20:   537  3008  3142
   21:   547  3142  3265
   22:   551  3265  3509
   23:   570  3509  3637
   24:   610  3637  3825
   25:   655  3825  3907
   26:   670  3907  4004
   27:   709  4004  4243
   28:   747  4243  4345
   29:   767  4345  4402
   30:   795  4402  4432
   31:   826  4432  4768
   32:   852  4768  4901
   33:   853  4901  4962
   34:   908  4962  5006
   35:   982  5006  5165
   36:   993  5165  5327
   37:  1045  5327  5384
   38:  1064  5384  5511
   39:  1093  5511  5656
   40:  1109  5656  5658
   41:  1120  5658  5862
   42:  1151  5862  6052
   43:  1159  6052  6499
   44:  1173  6499  6745
   45:  1203  6745  6792
   46:  1208  6792  6843
   47:  1213  6843  6973
   48:  1235  6973  7023
   49:  1261  7023  7163
   50:  1292  7163  7364
   51:  1318  7364  7628
   52:  1339  7628  7849
   53:  1403  7849  8068
   54:  1405  8068  8339
   55:  1482  8339  8353
   56:  1499  8353  8477
   57:  1500  8477  8551
   58:  1505  8551  8636
   59:  1509  8636  8778
   60:  1553  8778  8894
   61:  1558  8894  8976
   62:  1567  8976  9287
   63:  1601  9287  9536
   64:  1764  9536  9811
   65:  1804  9811 10000
   66:  1854 10000 10160
   67:  1886 10160 10163
   68:  1931 10163 10279
   69:  1944 10279 10433
   70:  1947 10433 10729
   71:  1961 10729 10874
   72:  1985 10874 10951
   73:  2020 10951 11108
   74:  2057 11108 11169
   75:  2067 11169 11342
   76:  2097 11342 11365
   77:  2115 11365 11606
   78:  2165 11606 11996
   79:  2209 11996 12324
   80:  2228 12324 12468
   81:  2247 12468 12585
   82:  2313 12585 12655
   83:  2344 12655 12923
   84:  2384 12923 13264
   85:  2409 13264 13696
   86:  2420 13696 13748
   87:  2437 13748 13781
   88:  2452 13781 14159
   89:  2482 14159 14176
   90:  2483 14176 14600
   91:  2514 14600 14740
   92:  2531 14740 15021
   93:  2560 15021 15087
   94:  2571 15087 15167
   95:  2574 15167 15366
   96:  2689 15366 15478
   97:  2693 15478 15621
   98:  2737 15621 15657
   99:  2762 15657 15796
SUM: 15796 15795 6340.97 6183.02 12895
